58041.4 5.24498e+06 2.39033e+07 -1.28874e+06
58042.4 1.00612e+07 2.20533e+07 -738784
58043.4 1.48961e+07 2.01802e+07 -196999
58044.4 1.9742e+07 1.83082e+07 347038
58045.4 2.45997e+07 1.64388e+07 893635
58046.4 2.947e+07 1.45736e+07 1.44311e+06
58047.4 3.43538e+07 1.27139e+07 1.99579e+06
58048.4 3.92516e+07 1.08612e+07 2.55201e+06
58049.4 4.41642e+07 9.01665e+06 3.11209e+06
58050.4 4.90918e+07 7.18161e+06 3.67637e+06
58051.4 5.40351e+07 5.35724e+06 4.24518e+06
58052.4 5.89944e+07 3.54466e+06 4.81884e+06
58053.4 6.39701e+07 1.74496e+06 5.39769e+06
58054.4 6.89624e+07 -40820.6 5.98204e+06
58055.4 7.39715e+07 -1.81168e+06 6.57222e+06
58056.4 7.89976e+07 -3.56666e+06 7.16853e+06
58057.4 8.40409e+07 -5.30484e+06 7.77129e+06
58058.4 8.91016e+07 -7.02533e+06 8.38081e+06
58058.8 9.32717e+07 -7.70327e+06 9.44108e+06
58059.8 9.92863e+07 -1.04227e+07 9.61549e+06
58060.8 1.04399e+08 -1.2085e+07 1.02471e+07
58061.8 1.0953e+08 -1.37264e+07 1.08866e+07
58062.8 1.14678e+08 -1.53461e+07 1.15343e+07
58063.8 1.19843e+08 -1.69435e+07 1.21905e+07
58064.8 1.25026e+08 -1.85178e+07 1.28554e+07
58065.8 1.30226e+08 -2.00682e+07 1.35293e+07
58066.8 1.35444e+08 -2.15942e+07 1.42125e+07
58067.8 1.40678e+08 -2.30948e+07 1.49052e+07
58068.8 1.4593e+08 -2.45695e+07 1.56079e+07
58069.8 1.51198e+08 -2.60175e+07 1.63206e+07
58070.8 1.56483e+08 -2.74381e+07 1.70438e+07
58071.8 1.61784e+08 -2.88307e+07 1.77777e+07
58072.8 1.67101e+08 -3.01945e+07 1.85225e+07
58073.8 1.72434e+08 -3.1529e+07 1.92785e+07
58074.8 1.77782e+08 -3.28335e+07 2.00461e+07
58075.8 1.83146e+08 -3.41074e+07 2.08254e+07
58076.8 1.88523e+08 -3.53501e+07 2.16167e+07
58077.8 1.93915e+08 -3.65611e+07 2.24202e+07
58078.8 1.9932e+08 -3.77398e+07 2.32362e+07
58079.8 2.04738e+08 -3.88858e+07 2.40648e+07
58080.8 2.10169e+08 -3.99985e+07 2.49063e+07
58081.8 2.15613e+08 -4.10775e+07 2.5761e+07
58082.8 2.21067e+08 -4.21224e+07 2.66289e+07
58083.8 2.26533e+08 -4.31327e+07 2.75103e+07
58084.8 2.32009e+08 -4.4108e+07 2.84054e+07
58085.8 2.37496e+08 -4.50481e+07 2.93143e+07
58086.8 2.42991e+08 -4.59524e+07 3.02372e+07
58087.8 2.48496e+08 -4.68208e+07 3.11743e+07
58089.2 2.54122e+08 -4.76739e+07 3.21242e+07
58090.2 2.59522e+08 -4.84454e+07 3.30927e+07
58091.2 2.65049e+08 -4.92041e+07 3.4073e+07
58092.2 2.70584e+08 -4.99256e+07 3.50679e+07
58093.2 2.76124e+08 -5.06096e+07 3.60777e+07
58094.2 2.8167e+08 -5.12559e+07 3.71024e+07
58095.2 2.87221e+08 -5.18642e+07 3.81422e+07
58096.2 2.92777e+08 -5.24342e+07 3.91972e+07
58097.2 2.98336e+08 -5.29656e+07 4.02675e+07
58098.2 3.03899e+08 -5.3458e+07 4.13532e+07
58099.2 3.09464e+08 -5.39113e+07 4.24546e+07
58100.2 3.15031e+08 -5.43251e+07 4.35716e+07
58101.2 3.206e+08 -5.46993e+07 4.47045e+07
58102.2 3.26169e+08 -5.50336e+07 4.58532e+07
58103.2 3.31738e+08 -5.53277e+07 4.7018e+07
58104.2 3.37306e+08 -5.55816e+07 4.81988e+07
58105.2 3.42872e+08 -5.57951e+07 4.93958e+07
58106.2 3.48436e+08 -5.59681e+07 5.0609e+07
58107.2 3.53997e+08 -5.61003e+07 5.18386e+07
58108.2 3.59555e+08 -5.61919e+07 5.30844e+07
58109.2 3.65107e+08 -5.62426e+07 5.43467e+07
58110.2 3.70654e+08 -5.62525e+07 5.56253e+07
58111.2 3.76195e+08 -5.62215e+07 5.69204e+07
58112.2 3.81729e+08 -5.61496e+07 5.82319e+07
58113.2 3.87256e+08 -5.60369e+07 5.95599e+07
58114.2 3.92774e+08 -5.58834e+07 6.09044e+07
58115.2 3.98283e+08 -5.56892e+07 6.22652e+07
58116.2 4.03782e+08 -5.54544e+07 6.36425e+07
58117.2 4.09271e+08 -5.5179e+07 6.50361e+07
58118.2 4.14748e+08 -5.48632e+07 6.64461e+07
58119.2 4.20213e+08 -5.4507e+07 6.78724e+07
58119.7 4.24215e+08 -5.43456e+07 6.92131e+07
58120.7 4.31098e+08 -5.36756e+07 7.07733e+07
58121.7 4.36523e+08 -5.31994e+07 7.22481e+07
