58041.81435 145267501 72854128.01 19909808.32
58042.01435 145267510 72854128.78 19909811.78
58042.21435 145267518.9 72854129.54 19909815.24
58042.41435 145267527.9 72854130.31 19909818.7
58042.61435 145267536.9 72854131.08 19909822.16
58042.81435 145267545.8 72854131.85 19909825.62
58043.01435 145267554.8 72854132.61 19909829.07
58043.21435 145267563.8 72854133.38 19909832.53
58043.41435 145267572.7 72854134.15 19909835.99
58043.61435 145267581.7 72854134.92 19909839.45
58043.81435 145267590.7 72854135.68 19909842.91
58044.01435 145267599.6 72854136.45 19909846.36
58044.21435 145267608.6 72854137.22 19909849.82
58044.41435 145267617.6 72854137.99 19909853.28
58044.61435 145267626.5 72854138.75 19909856.74
58044.81435 145267635.5 72854139.52 19909860.2
58045.01435 145267644.5 72854140.29 19909863.66
58045.21435 145267653.4 72854141.06 19909867.11
58045.41435 145267662.4 72854141.82 19909870.57
58045.61435 145267671.4 72854142.59 19909874.03
58045.81435 145267680.3 72854143.36 19909877.49
58046.01435 145267689.3 72854144.13 19909880.95
58046.21435 145267698.3 72854144.89 19909884.41
58046.41435 145267707.2 72854145.66 19909887.86
58046.61435 145267716.2 72854146.43 19909891.32
58046.81435 145267725.2 72854147.2 19909894.78
58047.01435 145267734.1 72854147.96 19909898.24
58047.21435 145267743.1 72854148.73 19909901.7
58047.41435 145267752.1 72854149.5 19909905.16
58047.61435 145267761 72854150.27 19909908.61
58047.81435 145267770 72854151.03 19909912.07
58048.01435 145267779 72854151.8 19909915.53
58048.21435 145267787.9 72854152.57 19909918.99
58048.41435 145267796.9 72854153.34 19909922.45
58048.61435 145267805.9 72854154.1 19909925.91
58048.81435 145267814.8 72854154.87 19909929.36
58049.01435 145267823.8 72854155.64 19909932.82
58049.21435 145267832.8 72854156.4 19909936.28
58049.41435 145267841.7 72854157.17 19909939.74
58049.61435 145267850.7 72854157.94 19909943.2
58049.81435 145267859.7 72854158.71 19909946.66
58050.01435 145267868.6 72854159.47 19909950.11
58050.21435 145267877.6 72854160.24 19909953.57
58050.41435 145267886.6 72854161.01 19909957.03
58050.61435 145267895.5 72854161.78 19909960.49
58050.81435 145267904.5 72854162.54 19909963.95
58051.01435 145267913.5 72854163.31 19909967.4
58051.21435 145267922.4 72854164.08 19909970.86
58051.41435 145267931.4 72854164.85 19909974.32
58051.61435 145267940.4 72854165.61 19909977.78
58051.81435 145267949.3 72854166.38 19909981.24
58052.01435 145267958.3 72854167.15 19909984.7
58052.21435 145267967.3 72854167.92 19909988.15
58052.41435 145267976.2 72854168.68 19909991.61
58052.61435 145267985.2 72854169.45 19909995.07
58052.81435 145267994.2 72854170.22 19909998.53
58053.01435 145268003.1 72854170.99 19910001.99
58053.21435 145268012.1 72854171.75 19910005.45
58053.41435 145268021.1 72854172.52 19910008.9
58053.61435 145268030 72854173.29 19910012.36
58053.81435 145268039 72854174.06 19910015.82
58054.01435 145268048 72854174.82 19910019.28
58054.21435 145268057 72854175.59 19910022.74
58054.41435 145268065.9 72854176.36 19910026.2
58054.61435 145268074.9 72854177.13 19910029.65
58054.81435 145268083.9 72854177.89 19910033.11
58055.01435 145268092.8 72854178.66 19910036.57
58055.21435 145268101.8 72854179.43 19910040.03
58055.41435 145268110.8 72854180.2 19910043.49
58055.61435 145268119.7 72854180.96 19910046.95
58055.81435 145268128.7 72854181.73 19910050.4
58056.01435 145268137.7 72854182.5 19910053.86
58056.21435 145268146.6 72854183.27 19910057.32
58056.41435 145268155.6 72854184.03 19910060.78
58056.61435 145268164.6 72854184.8 19910064.24
58056.81435 145268173.5 72854185.57 19910067.7
58057.01435 145268182.5 72854186.34 19910071.15
58057.21435 145268191.5 72854187.1 19910074.61
58057.41435 145268200.4 72854187.87 19910078.07
58057.61435 145268209.4 72854188.64 19910081.53
58057.81435 145268218.4 72854189.41 19910084.99
58058.01435 145268227.3 72854190.17 19910088.44
58058.21435 145268236.3 72854190.94 19910091.9
58058.41435 145268245.3 72854191.71 19910095.36
58058.61435 145268254.2 72854192.48 19910098.82
58058.81435 145268263.2 72854193.24 19910102.28
58059.01435 145268272.2 72854194.01 19910105.74
58059.21435 145268281.1 72854194.78 19910109.19
58059.41435 145268290.1 72854195.55 19910112.65
58059.61435 145268299.1 72854196.31 19910116.11
58059.81435 145268308 72854197.08 19910119.57
58060.01435 145268317 72854197.85 19910123.03
58060.21435 145268326 72854198.62 19910126.49
58060.41435 145268334.9 72854199.38 19910129.94
58060.61435 145268343.9 72854200.15 19910133.4
58060.81435 145268352.9 72854200.92 19910136.86
58061.01435 145268361.8 72854201.69 19910140.32
58061.21435 145268370.8 72854202.45 19910143.78
58061.41435 145268379.8 72854203.22 19910147.24
58061.61435 145268388.7 72854203.99 19910150.69
58061.81435 145268397.7 72854204.76 19910154.15
58062.01435 145268406.7 72854205.52 19910157.61
58062.21435 145268415.6 72854206.29 19910161.07
58062.41435 145268424.6 72854207.06 19910164.53
58062.61435 145268433.6 72854207.83 19910167.99
58062.81435 145268442.5 72854208.59 19910171.44
58063.01435 145268451.5 72854209.36 19910174.9
58063.21435 145268460.5 72854210.13 19910178.36
58063.41435 145268469.4 72854210.9 19910181.82
58063.61435 145268478.4 72854211.66 19910185.28
58063.81435 145268487.4 72854212.43 19910188.74
58064.01435 145268496.3 72854213.2 19910192.19
58064.21435 145268505.3 72854213.97 19910195.65
58064.41435 145268514.3 72854214.73 19910199.11
58064.61435 145268523.2 72854215.5 19910202.57
58064.81435 145268532.2 72854216.27 19910206.03
58065.01435 145268541.2 72854217.04 19910209.48
58065.21435 145268550.1 72854217.8 19910212.94
58065.41435 145268559.1 72854218.57 19910216.4
58065.61435 145268568.1 72854219.34 19910219.86
58065.81435 145268577 72854220.11 19910223.32
58066.01435 145268586 72854220.87 19910226.78
58066.21435 145268595 72854221.64 19910230.23
58066.41435 145268603.9 72854222.41 19910233.69
58066.61435 145268612.9 72854223.18 19910237.15
58066.81435 145268621.9 72854223.94 19910240.61
58067.01435 145268630.8 72854224.71 19910244.07
58067.21435 145268639.8 72854225.48 19910247.53
58067.41435 145268648.8 72854226.25 19910250.98
58067.61435 145268657.7 72854227.01 19910254.44
58067.81435 145268666.7 72854227.78 19910257.9
58068.01435 145268675.7 72854228.55 19910261.36
58068.21435 145268684.6 72854229.32 19910264.82
58068.41435 145268693.6 72854230.08 19910268.28
58068.61435 145268702.6 72854230.85 19910271.73
58068.81435 145268711.5 72854231.62 19910275.19
58069.01435 145268720.5 72854232.39 19910278.65
58069.21435 145268729.5 72854233.15 19910282.11
58069.41435 145268738.4 72854233.92 19910285.57
58069.61435 145268747.4 72854234.69 19910289.03
58069.81435 145268756.4 72854235.46 19910292.48
58070.01435 145268765.3 72854236.22 19910295.94
58070.21435 145268774.3 72854236.99 19910299.4
58070.41435 145268783.3 72854237.76 19910302.86
58070.61435 145268792.2 72854238.53 19910306.32
58070.81435 145268801.2 72854239.29 19910309.78
58071.01435 145268810.2 72854240.06 19910313.23
58071.21435 145268819.1 72854240.83 19910316.69
58071.41435 145268828.1 72854241.6 19910320.15
58071.61435 145268837.1 72854242.36 19910323.61
58071.81435 145268846.1 72854243.13 19910327.07
58072.01435 145268855 72854243.9 19910330.52
58072.21435 145268864 72854244.67 19910333.98
58072.41435 145268873 72854245.43 19910337.44
58072.61435 145268881.9 72854246.2 19910340.9
58072.81435 145268890.9 72854246.97 19910344.36
58073.01435 145268899.9 72854247.74 19910347.82
58073.21435 145268908.8 72854248.5 19910351.27
58073.41435 145268917.8 72854249.27 19910354.73
58073.61435 145268926.8 72854250.04 19910358.19
58073.81435 145268935.7 72854250.81 19910361.65
58074.01435 145268944.7 72854251.57 19910365.11
58074.21435 145268953.7 72854252.34 19910368.57
58074.41435 145268962.6 72854253.11 19910372.02
58074.61435 145268971.6 72854253.87 19910375.48
58074.81435 145268980.6 72854254.64 19910378.94
58075.01435 145268989.5 72854255.41 19910382.4
58075.21435 145268998.5 72854256.18 19910385.86
58075.41435 145269007.5 72854256.94 19910389.32
58075.61435 145269016.4 72854257.71 19910392.77
58075.81435 145269025.4 72854258.48 19910396.23
58076.01435 145269034.4 72854259.25 19910399.69
58076.21435 145269043.3 72854260.01 19910403.15
58076.41435 145269052.3 72854260.78 19910406.61
58076.61435 145269061.3 72854261.55 19910410.07
58076.81435 145269070.2 72854262.32 19910413.52
58077.01435 145269079.2 72854263.08 19910416.98
58077.21435 145269088.2 72854263.85 19910420.44
58077.41435 145269097.1 72854264.62 19910423.9
58077.61435 145269106.1 72854265.39 19910427.36
58077.81435 145269115.1 72854266.15 19910430.82
58078.01435 145269124 72854266.92 19910434.27
58078.21435 145269133 72854267.69 19910437.73
58078.41435 145269142 72854268.46 19910441.19
58078.61435 145269150.9 72854269.22 19910444.65
58078.81435 145269159.9 72854269.99 19910448.11
58079.01435 145269168.9 72854270.76 19910451.56
58079.21435 145269177.8 72854271.53 19910455.02
58079.41435 145269186.8 72854272.29 19910458.48
58079.61435 145269195.8 72854273.06 19910461.94
58079.81435 145269204.7 72854273.83 19910465.4
58080.01435 145269213.7 72854274.6 19910468.86
58080.21435 145269222.7 72854275.36 19910472.31
58080.41435 145269231.6 72854276.13 19910475.77
58080.61435 145269240.6 72854276.9 19910479.23
58080.81435 145269249.6 72854277.67 19910482.69
58081.01435 145269258.5 72854278.43 19910486.15
58081.21435 145269267.5 72854279.2 19910489.61
58081.41435 145269276.5 72854279.97 19910493.06
58081.61435 145269285.4 72854280.74 19910496.52
58081.81435 145269294.4 72854281.5 19910499.98
58082.01435 145269303.4 72854282.27 19910503.44
58082.21435 145269312.3 72854283.04 19910506.9
58082.41435 145269321.3 72854283.81 19910510.36
58082.61435 145269330.3 72854284.57 19910513.81
58082.81435 145269339.2 72854285.34 19910517.27
58083.01435 145269348.2 72854286.11 19910520.73
58083.21435 145269357.2 72854286.88 19910524.19
58083.41435 145269366.1 72854287.64 19910527.65
58083.61435 145269375.1 72854288.41 19910531.11
58083.81435 145269384.1 72854289.18 19910534.56
58084.01435 145269393 72854289.95 19910538.02
58084.21435 145269402 72854290.71 19910541.48
58084.41435 145269411 72854291.48 19910544.94
58084.61435 145269419.9 72854292.25 19910548.4
58084.81435 145269428.9 72854293.02 19910551.85
58085.01435 145269437.9 72854293.78 19910555.31
58085.21435 145269446.8 72854294.55 19910558.77
58085.41435 145269455.8 72854295.32 19910562.23
58085.61435 145269464.8 72854296.09 19910565.69
58085.81435 145269473.7 72854296.85 19910569.15
58086.01435 145269482.7 72854297.62 19910572.6
58086.21435 145269491.7 72854298.39 19910576.06
58086.41435 145269500.6 72854299.16 19910579.52
58086.61435 145269509.6 72854299.92 19910582.98
58086.81435 145269518.6 72854300.69 19910586.44
58087.01435 145269527.5 72854301.46 19910589.9
58087.21435 145269536.5 72854302.23 19910593.35
58087.41435 145269545.5 72854302.99 19910596.81
58087.61435 145269554.4 72854303.76 19910600.27
58087.81435 145269563.4 72854304.53 19910603.73
58088.01435 145269572.4 72854305.3 19910607.19
58088.21435 145269581.3 72854306.06 19910610.65
58088.41435 145269590.3 72854306.83 19910614.1
58088.61435 145269599.3 72854307.6 19910617.56
58088.81435 145269608.2 72854308.37 19910621.02
58089.01435 145269617.2 72854309.13 19910624.48
58089.21435 145269626.2 72854309.9 19910627.94
58089.41435 145269635.2 72854310.67 19910631.4
58089.61435 145269644.1 72854311.44 19910634.85
58089.81435 145269653.1 72854312.2 19910638.31
58090.01435 145269662.1 72854312.97 19910641.77
58090.21435 145269671 72854313.74 19910645.23
58090.41435 145269680 72854314.51 19910648.69
58090.61435 145269689 72854315.27 19910652.15
58090.81435 145269697.9 72854316.04 19910655.6
58091.01435 145269706.9 72854316.81 19910659.06
58091.21435 145269715.9 72854317.58 19910662.52
58091.41435 145269724.8 72854318.34 19910665.98
58091.61435 145269733.8 72854319.11 19910669.44
58091.81435 145269742.8 72854319.88 19910672.89
58092.01435 145269751.7 72854320.64 19910676.35
58092.21435 145269760.7 72854321.41 19910679.81
58092.41435 145269769.7 72854322.18 19910683.27
58092.61435 145269778.6 72854322.95 19910686.73
58092.81435 145269787.6 72854323.71 19910690.19
58093.01435 145269796.6 72854324.48 19910693.64
58093.21435 145269805.5 72854325.25 19910697.1
58093.41435 145269814.5 72854326.02 19910700.56
58093.61435 145269823.5 72854326.78 19910704.02
58093.81435 145269832.4 72854327.55 19910707.48
58094.01435 145269841.4 72854328.32 19910710.94
58094.21435 145269850.4 72854329.09 19910714.39
58094.41435 145269859.3 72854329.85 19910717.85
58094.61435 145269868.3 72854330.62 19910721.31
58094.81435 145269877.3 72854331.39 19910724.77
58095.01435 145269886.2 72854332.16 19910728.23
58095.21435 145269895.2 72854332.92 19910731.69
58095.41435 145269904.2 72854333.69 19910735.14
58095.61435 145269913.1 72854334.46 19910738.6
58095.81435 145269922.1 72854335.23 19910742.06
58096.01435 145269931.1 72854335.99 19910745.52
58096.21435 145269940 72854336.76 19910748.98
58096.41435 145269949 72854337.53 19910752.44
58096.61435 145269958 72854338.3 19910755.89
58096.81435 145269966.9 72854339.06 19910759.35
58097.01435 145269975.9 72854339.83 19910762.81
58097.21435 145269984.9 72854340.6 19910766.27
58097.41435 145269993.8 72854341.37 19910769.73
58097.61435 145270002.8 72854342.13 19910773.18
58097.81435 145270011.8 72854342.9 19910776.64
58098.01435 145270020.7 72854343.67 19910780.1
58098.21435 145270029.7 72854344.44 19910783.56
58098.41435 145270038.7 72854345.2 19910787.02
58098.61435 145270047.6 72854345.97 19910790.48
58098.81435 145270056.6 72854346.74 19910793.93
58099.01435 145270065.6 72854347.51 19910797.39
58099.21435 145270074.5 72854348.27 19910800.85
58099.41435 145270083.5 72854349.04 19910804.31
58099.61435 145270092.5 72854349.81 19910807.77
58099.81435 145270101.4 72854350.58 19910811.23
58100.01435 145270110.4 72854351.34 19910814.68
58100.21435 145270119.4 72854352.11 19910818.14
58100.41435 145270128.3 72854352.88 19910821.6
58100.61435 145270137.3 72854353.65 19910825.06
58100.81435 145270146.3 72854354.41 19910828.52
58101.01435 145270155.2 72854355.18 19910831.98
58101.21435 145270164.2 72854355.95 19910835.43
58101.41435 145270173.2 72854356.72 19910838.89
58101.61435 145270182.1 72854357.48 19910842.35
58101.81435 145270191.1 72854358.25 19910845.81
58102.01435 145270200.1 72854359.02 19910849.27
58102.21435 145270209 72854359.79 19910852.73
58102.41435 145270218 72854360.55 19910856.18
58102.61435 145270227 72854361.32 19910859.64
58102.81435 145270235.9 72854362.09 19910863.1
58103.01435 145270244.9 72854362.86 19910866.56
58103.21435 145270253.9 72854363.62 19910870.02
58103.41435 145270262.8 72854364.39 19910873.48
58103.61435 145270271.8 72854365.16 19910876.93
58103.81435 145270280.8 72854365.93 19910880.39
58104.01435 145270289.7 72854366.69 19910883.85
58104.21435 145270298.7 72854367.46 19910887.31
58104.41435 145270307.7 72854368.23 19910890.77
58104.61435 145270316.6 72854369 19910894.22
58104.81435 145270325.6 72854369.76 19910897.68
58105.01435 145270334.6 72854370.53 19910901.14
58105.21435 145270343.5 72854371.3 19910904.6
58105.41435 145270352.5 72854372.06 19910908.06
58105.61435 145270361.5 72854372.83 19910911.52
58105.81435 145270370.4 72854373.6 19910914.97
58106.01435 145270379.4 72854374.37 19910918.43
58106.21435 145270388.4 72854375.13 19910921.89
58106.41435 145270397.3 72854375.9 19910925.35
58106.61435 145270406.3 72854376.67 19910928.81
58106.81435 145270415.3 72854377.44 19910932.27
58107.01435 145270424.2 72854378.2 19910935.72
58107.21435 145270433.2 72854378.97 19910939.18
58107.41435 145270442.2 72854379.74 19910942.64
58107.61435 145270451.1 72854380.51 19910946.1
58107.81435 145270460.1 72854381.27 19910949.56
58108.01435 145270469.1 72854382.04 19910953.02
58108.21435 145270478.1 72854382.81 19910956.47
58108.41435 145270487 72854383.58 19910959.93
58108.61435 145270496 72854384.34 19910963.39
58108.81435 145270505 72854385.11 19910966.85
58109.01435 145270513.9 72854385.88 19910970.31
58109.21435 145270522.9 72854386.65 19910973.77
58109.41435 145270531.9 72854387.41 19910977.22
58109.61435 145270540.8 72854388.18 19910980.68
58109.81435 145270549.8 72854388.95 19910984.14
58110.01435 145270558.8 72854389.72 19910987.6
58110.21435 145270567.7 72854390.48 19910991.06
58110.41435 145270576.7 72854391.25 19910994.51
58110.61435 145270585.7 72854392.02 19910997.97
58110.81435 145270594.6 72854392.79 19911001.43
58111.01435 145270603.6 72854393.55 19911004.89
58111.21435 145270612.6 72854394.32 19911008.35
58111.41435 145270621.5 72854395.09 19911011.81
58111.61435 145270630.5 72854395.86 19911015.26
58111.81435 145270639.5 72854396.62 19911018.72
58112.01435 145270648.4 72854397.39 19911022.18
58112.21435 145270657.4 72854398.16 19911025.64
58112.41435 145270666.4 72854398.93 19911029.1
58112.61435 145270675.3 72854399.69 19911032.56
58112.81435 145270684.3 72854400.46 19911036.01
58113.01435 145270693.3 72854401.23 19911039.47
58113.21435 145270702.2 72854402 19911042.93
58113.41435 145270711.2 72854402.76 19911046.39
58113.61435 145270720.2 72854403.53 19911049.85
58113.81435 145270729.1 72854404.3 19911053.31
58114.01435 145270738.1 72854405.07 19911056.76
58114.21435 145270747.1 72854405.83 19911060.22
58114.41435 145270756 72854406.6 19911063.68
58114.61435 145270765 72854407.37 19911067.14
58114.81435 145270774 72854408.14 19911070.6
58115.01435 145270782.9 72854408.9 19911074.06
58115.21435 145270791.9 72854409.67 19911077.51
58115.41435 145270800.9 72854410.44 19911080.97
58115.61435 145270809.8 72854411.21 19911084.43
58115.81435 145270818.8 72854411.97 19911087.89
58116.01435 145270827.8 72854412.74 19911091.35
58116.21435 145270836.7 72854413.51 19911094.8
58116.41435 145270845.7 72854414.28 19911098.26
58116.61435 145270854.7 72854415.04 19911101.72
58116.81435 145270863.6 72854415.81 19911105.18
58117.01435 145270872.6 72854416.58 19911108.64
58117.21435 145270881.6 72854417.35 19911112.1
58117.41435 145270890.5 72854418.11 19911115.55
58117.61435 145270899.5 72854418.88 19911119.01
58117.81435 145270908.5 72854419.65 19911122.47
58118.01435 145270917.4 72854420.41 19911125.93
58118.21435 145270926.4 72854421.18 19911129.39
58118.41435 145270935.4 72854421.95 19911132.85
58118.61435 145270944.3 72854422.72 19911136.3
58118.81435 145270953.3 72854423.48 19911139.76
58119.01435 145270962.3 72854424.25 19911143.22
58119.21435 145270971.2 72854425.02 19911146.68
58119.41435 145270980.2 72854425.79 19911150.14
58119.61435 145270989.2 72854426.55 19911153.6
58119.81435 145270998.1 72854427.32 19911157.05
58120.01435 145271007.1 72854428.09 19911160.51
58120.21435 145271016.1 72854428.86 19911163.97
58120.41435 145271025 72854429.62 19911167.43
58120.61435 145271034 72854430.39 19911170.89
58120.81435 145271043 72854431.16 19911174.35
58121.01435 145271051.9 72854431.93 19911177.8
58121.21435 145271060.9 72854432.69 19911181.26
