58041.375 145267492.0249709 72854127.24042718 19909804.86534136
58042.375 149124949.3756507 73177623.83187519 21401543.78569502
58043.375 152950664.732551 73485668.06405653 22888787.79832769
58044.375 156745918.3848208 73779194.64110498 24371529.47784467
58045.375 160511912.5427884 74059061.19193375 25849774.03945286
58046.375 164249777.4790678 74326055.98716725 27323537.20194852
58047.375 167960576.9850394 74580904.84741458 28792843.37604959
58048.375 171645313.3536986 74824277.33922085 30257724.13477711
58049.375 175304931.967525 75056792.28426184 31718216.9264088
58050.375 178940325.5117165 75279022.63274558 33174363.99164322
58051.375 182552337.8294581 75491499.77312112 34626211.45110638
58052.375 186141767.4433697 75694717.3514725 36073808.53500853
58053.375 189709370.7713845 75889134.66610457 37517206.93186828
58054.375 193255865.0655873 76075179.69328798 38956460.23736835
58055.375 196781931.1008549 76253251.79153222 40391623.48770825
58056.375 200288215.637752 76423724.1245791 41822752.76446186
58057.375 203775333.6816542 76586945.83740903 43249904.86008851
58058.375 207243870.5577404 76743244.01468593 44673136.99499601
58058.8119 210694383.8193859 76892925.44701493 46092506.57849684
58059.8119 214127405.0056072 77036278.22698753 47508071.00719291
58060.8119 217543441.2615467 77173573.19411345 48919887.4953195
58061.8119 220942976.8345184 77305065.2452928 50328012.93240953
58062.8119 224326474.4568312 77430994.52539128 51732503.76433596
58063.8119 227694376.6254624 77551587.51068613 53133415.89437474
58064.8119 231047106.7876314 77667057.99640442 54530804.60142475
58065.8119 234385070.4404213 77777607.99823876 55924724.47293639
58066.8119 237708656.1517908 77883428.57656749 57315229.35045463
58067.8119 241018236.5096066 77984700.59109968 58702372.2859794
58068.8119 244314169.0046848 78081595.39278899 60086205.5076026
58069.8119 247596796.853263 78174275.45909445 61466780.39309576
58070.8119 250866449.7638156 78262894.97799693 62844147.4503084
58071.8119 254123444.6526682 78347600.38559237 64218356.30339423
58072.8119 257368086.3124584 78428530.86156644 65589455.68401826
58073.8119 260600668.0371259 78505818.78640208 66957493.42681353
58074.8119 263821472.2067824 78579590.163769 68322516.46845567
58075.8119 267030770.8355163 78649965.01119146 69684570.84980977
58076.8119 270228826.0849224 78717057.72177602 71043701.7206772
58077.8119 273415890.7459015 78780977.39950423 72399953.34673421
58078.8119 276592208.6910611 78841828.17034657 73753369.11830881
58079.8119 279758015.29985 78899709.47123618 75103991.56069039
58080.8119 282913537.858381 78954716.31874347 76451862.34570678
58081.8119 286058995.9357362 79006939.55911915 77797022.30434069
58082.8119 289194601.7384012 79056466.10121608 79139511.44018646
58083.8119 292320560.4443426 79103379.13366197 80479368.94357659
58084.8119 295437070.5181231 79147758.32752754 81816633.20622975
58085.8119 298544324.0083354 79189680.02562478 83151341.8362926
58086.8119 301642506.8285398 79229217.41946651 84483531.67366563
58087.8119 304731799.022797 79266440.71482915 85813238.8055181
58089.2487 307812375.0168028 79301417.28677784 87140498.58191077
58090.2487 310884403.8555583 79334211.82493907 88465345.63145678
58091.2487 313948049.4284377 79364886.46973948 89787813.87696126
58092.2487 317003470.6824508 79393500.9402685 91107936.55098857
58093.2487 320050821.8244416 79420112.6543685 92425746.21131483
58094.2487 323090252.5129086 79444776.8415056 93741274.75622857
58095.2487 326121908.0400844 79467546.64892994 95054553.43964995
58096.2487 329145929.5048641 79488473.24159281 96365612.88604258
58097.2487 332162453.977137 79507605.89625092 97674483.10509719
58098.2487 335171614.6540281 79524992.09015438 98981193.50617042
58099.2487 338173541.0085315 79540677.58468369 100285772.9124643
58100.2487 341168358.9309742 79554706.50427276 101588249.5749363
58101.2487 344156190.8637287 79567121.41093022 102888651.1859311
58102.2487 347137155.9295574 79577963.3746457 104187004.8925288
58103.2487 350111370.0539526 79587272.03994873 105483337.309604
58104.2487 353078946.0818052 79595085.68886599 106777674.5325945
58105.2487 356039993.8887202 79601441.30050588 108070042.149978
58106.2487 358994620.4872722 79606374.60748228 109360465.2554562
58107.2487 361942930.1284771 79609920.149374 110648968.4598487
58108.2487 364885024.3987373 79612111.32340294 111935575.902697
58109.2487 367821002.3125052 79612980.43250059 113220311.263583
58110.2487 370750960.4008883 79612558.7309206 114503197.7731637
58111.2487 373674992.7964126 79610876.46754482 115784258.2239281
58112.2487 376593191.3141424 79607962.92701946 117063514.9806778
58113.2487 379505645.5293438 79603846.46884893 118340989.9907386
58114.2487 382412442.8518719 79598554.5645665 119616704.7939062
58115.2487 385313668.5974437 79592113.83309288 120890680.5321332
58116.2487 388209406.0559563 79584550.07438627 122162937.9589598
58117.2487 391099736.5569961 79575888.30148086 123433497.448697
58118.2487 393984739.5326782 79566152.77100441 124702379.0053655
58119.2487 396864492.5779468 79555367.01225977 125969602.2713974
58119.6856 399739071.5084594 79543553.85494941 127235186.5361053
58120.6856 402608550.4161726 79530735.45561767 128499150.7439256
58121.6856 405473001.7227359 79516933.3228801 129761513.5024407
