58041.375 5244976.907480419 23903275.2324308 -1288743.499525867
58042.375 10070488.51761469 22030881.67069222 -748849.9604156613
58043.375 14905855.90216833 20157921.57098714 -206998.9162517451
58044.375 19752118.84632879 18286044.46433938 337106.3929269724
58045.375 24610212.45757991 16416821.75074311 883775.5152966306
58046.375 29480973.71847105 14551750.98680074 1433327.40704073
58047.375 34365148.15799622 12692259.75745357 1986087.467676181
58048.375 39263396.6701082 10839709.41086009 2542385.022653658
58049.375 44176302.30435476 8995398.793209612 3102551.267901294
58050.375 49104376.76711884 7160568.037015364 3666917.655550115
58051.375 54048066.40286775 5336402.366395473 4235814.663392164
58052.375 59007757.519389 3524035.805638731 4809570.863500383
58053.375 63983781.0359875 1724554.641226798 5388512.194012728
58054.375 68976416.54028393 -60999.50263907015 5972961.342745248
58055.375 73985895.9233745 -1831627.069408014 6563237.168569427
58056.375 79012406.82203804 -3586368.480010688 7159654.112998948
58057.375 84056096.13011731 -5324302.476891607 7762521.589673512
58058.375 89117073.83944657 -7044544.710717067 8372143.385814056
58058.8119 94195417.40521854 -8746246.230241954 8988817.168908536
58059.8119 99291176.65596798 -10428591.38914511 9612834.256784685
58060.8119 104404378.9496418 -12090794.61819117 10244479.85366353
58061.8119 109535033.8542507 -13732095.65658657 10884033.93036319
58062.8119 114683136.2876436 -15351753.2976107 11531772.78531726
58063.8119 119848667.0858003 -16949038.40895362 12187971.07177969
58064.8119 125031590.5820567 -18523227.59396042 12852903.82546691
58065.8119 130231849.7844347 -20073598.91937722 13526847.9458013
58066.8119 135449360.5692707 -21599430.50029121 14210082.75959773
58067.8119 140684006.463137 -23100001.765294 14902889.63063218
58068.8119 145935635.059301 -24574596.50133695 15605550.86752158
58069.8119 151204056.3450668 -26022506.60530135 16318348.29046836
58070.8119 156489042.6452099 -27443035.73583472 17041561.75772648
58071.8119 161790329.6732601 -28835502.46297377 17775467.82253645
58072.8119 167107618.2370502 -30199242.82694963 18520338.57691704
58073.8119 172440576.3041425 -31533612.37040608 19276440.67516495
58074.8119 177788841.2767593 -32837987.73399487 20044034.51239894
58075.8119 183152022.4052354 -34111767.87022702 20823373.54145933
58076.8119 188529703.2856978 -35354374.89072604 21614703.7248689
58077.8119 193921444.3692313 -36565254.54893568 22418263.12457968
58078.8119 199326785.3890842 -37743876.37988098 23234281.62672009
58079.8119 204745247.6136894 -38889733.55821279 24062980.78449764
58080.8119 210176335.8651294 -40002342.57494354 24904573.74656998
58081.8119 215619540.299484 -41081242.85386214 25759265.22738896
58082.8119 221074338.013935 -42125996.42049813 26627251.47467407
58083.8119 226540194.6117636 -43136187.69692045 27508720.1991533
58084.8119 232016565.9086422 -44111423.42436098 28403850.45387608
58085.8119 237502899.9883053 -45051332.61120431 29312812.48616578
58086.8119 242998639.7885017 -45955566.26617956 30235767.63627724
58087.8119 248503226.2778554 -46823796.52113637 31172868.42017332
58089.2487 254016102.0219759 -47655714.63166867 32124258.99228965
58090.2487 259536714.5233365 -48451027.38822472 33090076.19498982
58091.2487 265064518.2729982 -49209451.83141831 34070451.30108696
58092.2487 270598974.2822154 -49930708.89445513 35065512.30600001
58093.2487 276139546.3379006 -50614517.43250908 36075386.29613902
58094.2487 281685694.3888656 -51260590.45977211 37100201.21609265
58095.2487 287236866.7325821 -51868634.831017 38140086.48459443
58096.2487 292792493.1629644 -52438354.29543167 39195172.34570243
58097.2487 298351980.6253546 -52969454.66115457 40265588.30643434
58098.2487 303914711.7324005 -53461649.43318561 41351461.22320842
58099.2487 309480045.5289388 -53914664.70595706 42452913.51188469
58100.2487 315047319.5428494 -54328242.80194703 43570061.72488981
58101.2487 320615852.3007162 -54702144.70493963 44703015.53053685
58102.2487 326184945.8180676 -55036151.59582748 45851877.01566436
58103.2487 331753887.8739696 -55330065.82601184 47016740.20373179
58104.2487 337321954.0674659 -55583711.57665655 48197690.69950853
58105.2487 342888409.7327843 -55796935.33959086 49394805.40664952
58106.2487 348452511.7948658 -55969606.26398121 50608152.29701131
58107.2487 354013510.61217 -56101616.35961795 51837790.23192415
58108.2487 359570651.8097358 -56192880.53376606 53083768.84351616
58109.2487 365123178.0745159 -56243336.45451419 54346128.48050927
58110.2487 370670330.8802904 -56252944.26319508 55624900.21260145
58111.2487 376211352.1335062 -56221686.18301278 56920105.87715168
58112.2487 381745485.77645 -56149566.07404006 58231758.14778412
58113.2487 387271979.4351593 -56036608.95530507 59559860.61165689
58114.2487 392790086.2364938 -55882860.44813207 60904407.86349399
58115.2487 398299066.9168978 -55688385.99335133 62265385.66100083
58116.2487 403798192.2720409 -55453269.57229114 63642771.23523516
58117.2487 409286745.8141089 -55177611.55704004 65036533.89934284
58118.2487 414764026.1922812 -54861525.31347063 66446636.12098783
58119.2487 420229348.5492325 -54505132.40794645 67873035.16841066
58119.6856 425682043.7400383 -54108556.82207672 69315685.2585629
58120.6856 431121454.5701207 -53671919.35414118 70774539.84267056
58121.6856 436546929.1344056 -53195333.93741778 72249553.40383951
