58041.8144 166725047 85805166.1 -12295215.6
58044.7489 1.93061709e+10 9.93593485e+09 -1.42374249e+09
58045.848 1.1431555e+11 5.88325806e+10 -8.43025303e+09
58045.848 1.1431555e+11 5.88325806e+10 -8.43025303e+09
58045.8749 1.19419888e+11 6.14595317e+10 -8.80667476e+09
58045.8749 1.19419888e+11 6.14595317e+10 -8.80667476e+09
58046.7721 5.10140156e+11 2.62544001e+11 -3.76205213e+10
58046.7721 5.10140156e+11 2.62544001e+11 -3.76205213e+10
58046.7834 5.19273247e+11 2.67244353e+11 -3.82940454e+10
58046.7834 5.19273247e+11 2.67244353e+11 -3.82940454e+10
58046.7947 5.28472248e+11 2.71978625e+11 -3.897243e+10
58046.7947 5.28472248e+11 2.71978625e+11 -3.897243e+10
58046.8061 5.37727743e+11 2.76741972e+11 -3.96549807e+10
58046.8061 5.37727743e+11 2.76741972e+11 -3.96549807e+10
58047.2357 1.0791949e+12 5.55408439e+11 -7.95857265e+10
58047.2382 1.0838049e+12 5.57780977e+11 -7.99256928e+10
58047.2385 1.08427013e+12 5.58020407e+11 -7.99600014e+10
58047.2392 1.08564467e+12 5.58727815e+11 -8.00613674e+10
58047.2399 1.08687118e+12 5.59359041e+11 -8.01518172e+10
58047.244 1.09439943e+12 5.63233461e+11 -8.07069915e+10
58047.3159 1.22624721e+12 6.31089017e+11 -9.0430167e+10
58047.3159 1.22624721e+12 6.31089017e+11 -9.0430167e+10
58047.3189 1.23263657e+12 6.34377301e+11 -9.09013527e+10
58047.3189 1.23263657e+12 6.34377301e+11 -9.09013527e+10
58047.5475 1.78857943e+12 9.20493698e+11 -1.31899616e+11
58047.5485 1.79150023e+12 9.21996889e+11 -1.32115011e+11
58047.5495 1.79448975e+12 9.23535451e+11 -1.32335475e+11
58047.5505 1.79737619e+12 9.25020958e+11 -1.32548337e+11
58048.5987 9.78902384e+12 5.03792821e+12 -7.21896083e+11
58048.6012 9.82681023e+12 5.057375e+12 -7.24682658e+11
58048.6038 9.86476995e+12 5.076911e+12 -7.27482015e+11
58048.7498 1.25168699e+13 6.44181614e+12 -9.23062348e+11
58048.753 1.25846691e+13 6.47670905e+12 -9.28062231e+11
58048.7563 1.26527078e+13 6.51172525e+12 -9.33079782e+11
58049.6721 5.56864893e+13 2.86590921e+13 -4.10662587e+12
58049.6762 5.6050369e+13 2.8846363e+13 -4.13346035e+12
58049.6801 5.64008859e+13 2.90267568e+13 -4.15930937e+12
58049.7464 6.27888881e+13 3.23143467e+13 -4.63039555e+12
58049.7476 6.29109431e+13 3.23771624e+13 -4.63939655e+12
58049.749 6.30571673e+13 3.24524168e+13 -4.65017992e+12
58049.8405 7.30891821e+13 3.76154005e+13 -5.38999548e+12
58049.8453 7.36773672e+13 3.79181104e+13 -5.43337147e+12
58049.8501 7.42655524e+13 3.82208203e+13 -5.47674746e+12
58050.5633 2.35584531e+14 1.21243749e+14 -1.737329e+13
58050.5705 2.38314524e+14 1.22648742e+14 -1.75746146e+13
58050.5776 2.41048928e+14 1.24056005e+14 -1.77762645e+13
58050.7593 3.23513128e+14 1.66496266e+14 -2.3857625e+13
58050.7605 3.24165378e+14 1.66831946e+14 -2.39057255e+13
58050.7619 3.24854202e+14 1.67186451e+14 -2.39565232e+13
58051.6089 1.2760869e+15 6.56739048e+14 -9.41056178e+13
58051.6142 1.28612019e+15 6.61902689e+14 -9.48455276e+13
58051.6194 1.2978272e+15 6.67927708e+14 -9.57088661e+13
58051.6246 1.30954442e+15 6.73957983e+14 -9.65729578e+13
58052.4195 4.73712603e+15 2.43796534e+15 -3.49341546e+14
58052.4252 4.78427913e+15 2.46223272e+15 -3.52818874e+14
58052.4366 4.87810808e+15 2.51052186e+15 -3.59738333e+14
58052.4871 5.2948499e+15 2.72499834e+15 -3.90471151e+14
58052.4926 5.34028488e+15 2.74838148e+15 -3.93821774e+14
58052.5709 6.06769497e+15 3.12274361e+15 -4.47464967e+14
58052.5827 6.18226966e+15 3.18170956e+15 -4.55914331e+14
58052.5945 6.29684435e+15 3.24067551e+15 -4.64363694e+14
58052.6071 6.418601e+15 3.30333765e+15 -4.73342695e+14
58052.6167 6.51647593e+15 3.35370906e+15 -4.80560526e+14
58052.6194 6.54681976e+15 3.36932553e+15 -4.82798247e+14
58052.6197 6.54985415e+15 3.37088718e+15 -4.83022018e+14
58052.6222 6.57861482e+15 3.38568888e+15 -4.85142987e+14
58052.6251 6.61146531e+15 3.40259541e+15 -4.87565562e+14
58053.2519 1.82650615e+16 9.40012714e+15 -1.3469654e+15
58053.2723 1.88799054e+16 9.71655699e+15 -1.39230734e+15
58053.2791 1.90826471e+16 9.82089817e+15 -1.40725863e+15
58053.354 2.15458855e+16 1.10886056e+16 -1.58891128e+15
58053.3557 2.16060884e+16 1.1119589e+16 -1.59335096e+15
58053.3574 2.16662912e+16 1.11505725e+16 -1.59779065e+15
58053.3873 2.27261891e+16 1.16960497e+16 -1.67595331e+15
58053.389 2.27863919e+16 1.17270331e+16 -1.680393e+15
58053.3907 2.28465948e+16 1.17580166e+16 -1.68483268e+15
58053.4101 2.35313511e+16 1.21104269e+16 -1.73533035e+15
58053.4118 2.3591554e+16 1.21414103e+16 -1.73977004e+15
58053.4662 2.58384735e+16 1.32977891e+16 -1.90547016e+15
58053.4678 2.59078068e+16 1.33334716e+16 -1.91058318e+15
58053.4717 2.60681401e+16 1.34159872e+16 -1.92240703e+15
58053.4733 2.61369919e+16 1.34514218e+16 -1.92748454e+15
58053.5087 2.76093615e+16 1.42091779e+16 -2.03606511e+15
58053.5136 2.78101392e+16 1.43125083e+16 -2.05087155e+15
58053.5183 2.80347727e+16 1.44281161e+16 -2.06743726e+15
58053.56 3.00776667e+16 1.54794929e+16 -2.21809142e+15
58053.621 3.31149219e+16 1.70426186e+16 -2.44207521e+15
58053.6235 3.32613287e+16 1.71179669e+16 -2.45287205e+15
58053.6261 3.34090665e+16 1.71940003e+16 -2.46376704e+15
58053.6286 3.35554733e+16 1.72693486e+16 -2.47456387e+15
58053.662 3.54714059e+16 1.82553847e+16 -2.61585521e+15
58053.6656 3.56790373e+16 1.83622424e+16 -2.63116708e+15
58053.6692 3.58866688e+16 1.84691001e+16 -2.64647896e+15
58053.6707 3.59751783e+16 1.85146516e+16 -2.65300614e+15
58053.6744 3.61887992e+16 1.86245917e+16 -2.66875971e+15
58053.6754 3.6242038e+16 1.86519911e+16 -2.67268583e+15
58053.6841 3.67444795e+16 1.8910573e+16 -2.70973861e+15
58053.6847 3.67770883e+16 1.89273551e+16 -2.71214336e+15
58053.6878 3.69594313e+16 1.90211981e+16 -2.72559033e+15
58053.6916 3.71723866e+16 1.91307957e+16 -2.74129482e+15
58054.1959 8.4051896e+16 4.32573691e+16 -6.19844588e+15
58054.2081 8.56227624e+16 4.40658167e+16 -6.31429015e+15
58054.2203 8.73292815e+16 4.4944078e+16 -6.44013819e+15
58054.2679 9.45600757e+16 4.86654114e+16 -6.97337644e+15
58054.2708 9.49976134e+16 4.88905906e+16 -7.00564287e+15
58054.2717 9.51434593e+16 4.89656502e+16 -7.01639834e+15
58054.2746 9.55809971e+16 4.91908294e+16 -7.04866477e+15
58054.5054 1.38576149e+17 7.13183157e+16 -1.02193621e+16
58054.522 1.42336478e+17 7.32535712e+16 -1.04966693e+16
58054.5388 1.46482404e+17 7.53872752e+16 -1.08024125e+16
58054.5913 1.59425575e+17 8.20484875e+16 -1.17569126e+16
58054.6233 1.67707734e+17 8.63109066e+16 -1.23676843e+16
58054.6443 1.73807167e+17 8.94499845e+16 -1.28174898e+16
58054.6579 1.77738062e+17 9.14730225e+16 -1.31073755e+16
58054.6604 1.7846986e+17 9.18496427e+16 -1.31613422e+16
58054.6641 1.79544059e+17 9.24024798e+16 -1.32405595e+16
58054.6678 1.806149e+17 9.29535892e+16 -1.33195292e+16
58054.6795 1.8402548e+17 9.47088468e+16 -1.3571044e+16
58054.7052 1.91467662e+17 9.85389709e+16 -1.41198711e+16
58054.7568 2.08599367e+17 1.07355815e+17 -1.53832566e+16
58055.1615 4.01578857e+17 2.06672849e+17 -2.96146182e+16
58055.2428 4.57758772e+17 2.35585883e+17 -3.3757632e+16
58055.2491 4.62607184e+17 2.38081122e+17 -3.41151804e+16
58055.25 4.63298548e+17 2.38436933e+17 -3.41661653e+16
58055.2518 4.64690139e+17 2.39153117e+17 -3.42687889e+16
58055.2606 4.71399916e+17 2.42606308e+17 -3.47636045e+16
58055.2624 4.72791508e+17 2.43322492e+17 -3.4866228e+16
58055.2643 4.74200826e+17 2.44047799e+17 -3.49701589e+16
58055.2821 4.87833107e+17 2.51063662e+17 -3.59754777e+16
58055.4206 6.09260994e+17 3.13556612e+17 -4.49302333e+16
58055.5653 7.71875575e+17 3.97246324e+17 -5.69223207e+16
58055.5765 7.85803211e+17 4.04414192e+17 -5.79494207e+16
58055.5831 7.94012884e+17 4.08639306e+17 -5.85548468e+16
58055.5942 8.0778209e+17 4.15725637e+17 -5.95702632e+16
58056.6636 4.56437434e+18 2.34905856e+18 -3.36601894e+17
58056.6723 4.62911779e+18 2.38237882e+18 -3.41376429e+17
58056.6783 4.67319116e+18 2.40506121e+18 -3.4462664e+17
58056.68 4.68566153e+18 2.4114791e+18 -3.45546273e+17
58056.6849 4.72204769e+18 2.43020526e+18 -3.48229587e+17
58056.687 4.73742212e+18 2.43811773e+18 -3.49363382e+17
58056.6917 4.77201459e+18 2.45592077e+18 -3.5191442e+17
58056.7034 4.85879472e+18 2.50058222e+18 -3.58314061e+17
58056.7101 4.90782208e+18 2.52581419e+18 -3.61929606e+17
58056.7123 4.92405065e+18 2.53416623e+18 -3.63126389e+17
58057.5442 1.89710872e+19 9.76348377e+18 -1.39903159e+18
58057.5496 1.91407646e+19 9.85080837e+18 -1.41154452e+18
58057.557 1.93756743e+19 9.97170483e+18 -1.42886805e+18
58057.5622 1.95398546e+19 1.00562003e+19 -1.4409756e+18
58057.6659 2.31112756e+19 1.18942348e+19 -1.70435169e+18
58057.6696 2.32504391e+19 1.19658553e+19 -1.71461437e+18
58066.9161 7.30376974e+25 3.75889039e+25 -5.38619872e+24
58066.9367 7.56724843e+25 3.89448988e+25 -5.58050229e+24
58066.9595 7.85766706e+25 4.04395404e+25 -5.79467286e+24
58067.9732 4.05207721e+26 2.08540447e+26 -2.98822305e+25
58067.9809 4.1020286e+26 2.11111199e+26 -3.02505993e+25
58067.9872 4.14287077e+26 2.13213144e+26 -3.05517918e+25
58068.9095 1.83926682e+27 9.46580001e+26 -1.35637581e+26
58068.9166 1.85990608e+27 9.5720201e+26 -1.37159633e+26
58068.9757 2.05232749e+27 1.05623183e+27 -1.51349838e+26
58068.9804 2.06761876e+27 1.06410149e+27 -1.524775e+26
58068.9828 2.07533972e+27 1.06807509e+27 -1.53046886e+26
58068.9852 2.08294769e+27 1.07199054e+27 -1.53607939e+26
58069.9731 1.03083629e+28 5.30520641e+27 -7.60194979e+26
58069.9867 1.05315922e+28 5.42009158e+27 -7.76657133e+26
58070.0102 1.09183965e+28 5.61916068e+27 -8.05182194e+26
58073.1179 1.66801737e+30 8.58446349e+29 -1.23008711e+29
58073.1211 1.67752145e+30 8.63337628e+29 -1.23709594e+29
58073.1244 1.68699182e+30 8.68211562e+29 -1.24407991e+29
58073.1277 1.6965296e+30 8.73120185e+29 -1.25111358e+29
58074.0194 7.17513321e+30 3.6926875e+30 -5.29133512e+29
58074.0226 7.21576664e+30 3.71359953e+30 -5.32130043e+29
58074.0259 7.25654467e+30 3.73458597e+30 -5.35137238e+29
58074.0291 7.2971781e+30 3.755498e+30 -5.38133769e+29
58074.9541 3.26474254e+31 1.68020211e+31 -2.40759946e+30
58074.9943 3.48052847e+31 1.7912565e+31 -2.56673179e+30
58078.8388 1.75275014e+34 9.02054131e+33 -1.29257369e+33
58078.8443 1.76904747e+34 9.10441562e+33 -1.30459223e+33
58078.85 1.78585729e+34 9.19092749e+33 -1.31698871e+33
58078.8558 1.80287211e+34 9.27849437e+33 -1.32953636e+33
58078.8728 1.85306241e+34 9.5367991e+33 -1.36654943e+33
58078.878 1.86847141e+34 9.61610165e+33 -1.37791287e+33
58078.8935 1.91425426e+34 9.8517234e+33 -1.41167564e+33
58078.9514 2.10421009e+34 1.08293325e+34 -1.55175945e+33
58078.9576 2.12594085e+34 1.094117e+34 -1.5677849e+33
58078.9639 2.1476716e+34 1.10530075e+34 -1.58381034e+33
58078.9702 2.16940236e+34 1.1164845e+34 -1.59983579e+33
58078.9764 2.19113312e+34 1.12766825e+34 -1.61586124e+33
58079.0176 2.33597835e+34 1.20221295e+34 -1.72267802e+33
58079.0238 2.36152621e+34 1.21536117e+34 -1.74151841e+33
58079.0301 2.38707407e+34 1.2285094e+34 -1.76035879e+33
58079.0364 2.41262192e+34 1.24165762e+34 -1.77919918e+33
58079.0426 2.43816978e+34 1.25480584e+34 -1.79803956e+33
58080.0347 1.2135788e+35 6.24569208e+34 -8.9495929e+33
58080.058 1.26152972e+35 6.49247186e+34 -9.3032092e+33
58080.0813 1.30948064e+35 6.73925162e+34 -9.65682548e+33
58080.1046 1.35733629e+35 6.98554102e+34 -1.00097391e+34
58080.1282 1.41106632e+35 7.26206301e+34 -1.04059737e+34
58080.3422 1.99712041e+35 1.02781947e+35 -1.47278567e+34
58080.3485 2.01806102e+35 1.03859656e+35 -1.48822842e+34
58080.3547 2.03900162e+35 1.04937366e+35 -1.50367116e+34
58080.361 2.05994223e+35 1.06015076e+35 -1.51911391e+34
58080.3673 2.08088284e+35 1.07092786e+35 -1.53455666e+34
58080.8508 4.54991619e+35 2.34161766e+35 -3.35535671e+34
58080.8825 4.7877678e+35 2.46402816e+35 -3.53076147e+34
58081.0862 6.65616514e+35 3.42560021e+35 -4.90861972e+34
58081.1002 6.80119468e+35 3.50023977e+35 -5.01557242e+34
58081.1858 7.82068684e+35 4.02492215e+35 -5.76740163e+34
58100.3134 2.16254994e+49 1.11295789e+49 -1.59478244e+48
58100.3197 2.18584193e+49 1.12494513e+49 -1.61195923e+48
58100.3259 2.20966016e+49 1.1372032e+49 -1.62952409e+48
58100.3322 2.23347839e+49 1.14946127e+49 -1.64708895e+48
58100.3385 2.25729662e+49 1.16171934e+49 -1.66465381e+48
58121.0062 7.55349534e+63 3.88741185e+63 -5.57036002e+62
58121.0125 7.62502847e+63 3.92422642e+63 -5.62311245e+62
58121.0188 7.70541059e+63 3.96559514e+63 -5.68239062e+62
58121.025 7.78950882e+63 4.00887636e+63 -5.74440925e+62
58121.0313 7.87360704e+63 4.05215757e+63 -5.80642787e+62
58121.1387 9.37341963e+63 4.8240372e+63 -6.91247159e+62
58121.1449 9.47229006e+63 4.87492094e+63 -6.98538404e+62
58121.1512 9.5711605e+63 4.92580468e+63 -7.05829651e+62
58121.1575 9.67003093e+63 4.97668842e+63 -7.13120896e+62
58121.1637 9.76890136e+63 5.02757216e+63 -7.20412141e+62
