58041.8144 1.06151386 0.0435721448
58044.7489 0.534292359 0.0192844338
58045.848 0.279240366 0.0366714038
58045.848 0.279240279 0.0366727613
58045.8749 0.279005076 0.0370423347
58045.8749 0.279004989 0.0370406864
58046.7721 0.271957989 0.0480120685
58046.7721 0.271957999 0.0480115352
58046.7834 0.271877428 0.0481334658
58046.7834 0.271877506 0.0481332234
58046.7947 0.271795994 0.0482561722
58046.7947 0.271796227 0.0482557843
58046.8061 0.271714846 0.0483770362
58046.8061 0.271714671 0.0483790239
58047.2357 0.268818957 0.0526871268
58047.2382 0.268801406 0.052702156
58047.2385 0.26880034 0.0527045801
58047.2392 0.26879554 0.052715246
58047.2399 0.268791419 0.0527297904
58047.244 0.268764657 0.0527705147
58047.3159 0.268306993 0.0534934689
58047.3159 0.268306984 0.053493178
58047.3189 0.268287989 0.0535213942
58047.3189 0.268287998 0.0535213457
58047.5475 0.266877666 0.0555974633
58047.5485 0.266871605 0.05560619
58047.5495 0.266865497 0.0556144318
58047.5505 0.266859534 0.0556226736
58048.5987 0.016853578 0.0637864512
58048.6012 0.0168412637 0.0638039045
58048.6038 0.016828804 0.0638218426
58048.7498 0.0161283452 0.0647953485
58048.753 0.0161129281 0.0648186195
58048.7563 0.0160975111 0.0648375273
58049.6721 0.0121992212 0.0702252617
58049.6762 0.0121830284 0.0702461087
58049.6801 0.0121676598 0.0702664709
58049.7464 0.0119158234 0.0706409894
58049.7476 0.0119112661 0.0706471466
58049.749 0.0119058702 0.0706542733
58049.8405 0.0115620306 0.0712453097
58049.8453 0.0115441894 0.0712671263
58049.8501 0.011525912 0.0712908822
58050.5633 0.00902504908 0.0744799866
58050.5705 0.00900129321 0.0745095602
58050.5776 0.00897758582 0.0745381642
58050.7593 0.00839407377 0.0753507604
58050.7605 0.00839015163 0.0753565782
58050.7619 0.00838596769 0.0753620566
58051.6089 0.00591298158 0.0785805407
58051.6142 0.00589897046 0.0785994484
58051.6194 0.00588476542 0.0786154473
58051.6246 0.00587036646 0.0786353246
58052.4195 0.00387267229 0.0813284162
58052.4252 0.00385902479 0.0813458694
58052.4366 0.00383191401 0.0813805336
58052.4871 0.00371197595 0.0815323773
58052.4926 0.00369896355 0.0815490549
58052.5709 0.00351984429 0.0816809242
58052.5827 0.0034925008 0.0817197093
58052.5945 0.00346496338 0.0817492829
58052.6071 0.00343602 0.0817851591
58052.6167 0.00341352465 0.081816672
58052.6194 0.00340707663 0.0818258835
58052.6197 0.00340659181 0.0818157024
58052.6222 0.00340043468 0.0818389734
58052.6251 0.00339325944 0.0818535179
58053.2519 0.00204436233 0.0835629709
58053.2723 0.00200189265 0.0836163004
58053.2791 0.00198788154 0.0836352081
58053.354 0.00183605244 0.0838515805
58053.3557 0.00183274601 0.0838558468
58053.3574 0.00182919717 0.0838604526
58053.3873 0.00176794581 0.0839380712
58053.389 0.00176446 0.0839421922
58053.3907 0.00176103237 0.0839463131
58053.4101 0.0017217964 0.0839966367
58053.4118 0.00171823786 0.0840000789
58053.4662 0.00161728996 0.0841311725
58053.4678 0.00161394474 0.0841355358
58053.4717 0.00160628469 0.0841447473
58053.4733 0.00160298796 0.0841486258
58053.5087 0.00152796789 0.0843359578
58053.5136 0.00151831525 0.0843482236
58053.5183 0.00150888562 0.0843601015
58053.56 0.00142583704 0.0844638032
58053.621 0.00130938479 0.0845262957
58053.6235 0.00130429425 0.0845282349
58053.6261 0.00129988244 0.0845364768
58053.6286 0.00129450101 0.0845418097
58053.662 0.0012294875 0.0846271369
58053.6656 0.00122240922 0.0846348939
58053.6692 0.00121537942 0.0846436206
58053.6707 0.0012120342 0.0846441054
58053.6744 0.00120495592 0.0846542865
58053.6754 0.00120330756 0.0846591346
58053.6841 0.00118624211 0.0846799816
58053.6847 0.00118522401 0.0846804664
58053.6878 0.00117921232 0.0846896779
58053.6916 0.00117194011 0.0846984045
58054.1959 0.000252200077 0.0858740777
58054.2081 0.000230238017 0.0859026817
58054.2203 0.000208421402 0.085927892
58054.2679 0.000122754824 0.0861543
58054.2708 0.000117712762 0.0861630267
58054.2717 0.000116015914 0.0861659355
58054.2746 0.000110779926 0.0861698141
58054.5054 6.03855846 0.0865809361
58054.522 6.03852946 0.086620206
58054.5388 6.03850062 0.0866468707
58054.5913 6.03841146 0.0867617716
58054.6233 6.03835794 0.0868383721
58054.6443 6.03832825 0.0868995071
58054.6579 6.03830551 0.0869288384
58054.6604 6.03829704 0.0869198208
58054.6641 6.03829108 0.0869280627
58054.6678 6.03828488 0.0869319412
58054.6795 6.0382692 0.0869752835
58054.7052 6.03822639 0.0870296311
58054.7568 6.03814072 0.0871380355
58055.1615 6.03750961 0.0879258092
58055.2428 6.03738346 0.0882060315
58055.2491 6.03737357 0.088215243
58055.25 6.03737217 0.0882181519
58055.2518 6.03736945 0.0882210607
58055.2606 6.03735607 0.0882394837
58055.2624 6.03735335 0.088243847
58055.2643 6.03735064 0.0882467559
58055.2821 6.03732514 0.0881648224
58055.4206 6.03711735 0.0884324395
58055.5653 6.03691028 0.0887339936
58055.5765 6.0368939 0.0887543558
58055.5831 6.03688435 0.0887664761
58055.5942 6.03686815 0.0887878079
58056.6636 6.03544935 0.0906839142
58056.6723 6.03543839 0.090697489
58056.6783 6.03543117 0.0907091245
58056.68 6.03542889 0.0907100942
58056.6849 6.03542326 0.0907188208
58056.687 6.03542011 0.0907217297
58056.6917 6.03541463 0.0907319108
58056.7034 6.03539999 0.0907498489
58056.7101 6.03539165 0.09076003
58056.7123 6.03538845 0.0907658477
58057.5442 6.03443424 0.0920874498
58057.5496 6.03442828 0.0920961765
58057.557 6.0344198 0.092107812
58057.5622 6.03441437 0.0921145994
58057.6659 6.0343001 0.0922702246
58057.6696 6.03429636 0.0922755576
58066.9161 6.02826179 0.103268708
58066.9367 6.02825481 0.103287616
58066.9595 6.02824715 0.103309432
58067.9732 6.02794109 0.104241244
58067.9809 6.02793871 0.104248031
58067.9872 6.02793687 0.104253364
58068.9095 6.02769126 0.105090638
58068.9166 6.02768942 0.105095486
58068.9757 6.02767366 0.10515027
58068.9804 6.0276724 0.105154148
58068.9828 6.02767177 0.105156572
58068.9852 6.02767124 0.105158512
58069.9731 6.02743882 0.10604669
58069.9867 6.02743567 0.106059295
58070.0102 6.02743014 0.106079657
58073.1179 6.02687274 0.108857688
58073.1211 6.02687223 0.108860549
58073.1244 6.02687173 0.108863264
58073.1277 6.02687119 0.108866124
58074.0194 6.02675397 0.109660588
58074.0226 6.02675349 0.109663594
58074.0259 6.02675302 0.109666503
58074.0291 6.02675259 0.109669412
58074.9541 6.02664557 0.110488068
58074.9943 6.02664077 0.110524429
58078.8388 6.02635992 0.114036614
58078.8443 6.02635959 0.114041947
58078.85 6.0263593 0.114047716
58078.8558 6.02635897 0.114052806
58078.8728 6.02635804 0.114068078
58078.878 6.02635779 0.114072344
58078.8935 6.02635695 0.11408718
58078.9514 6.0263572 0.114137794
58078.9576 6.02635594 0.1141472
58078.9639 6.0263544 0.11415006
58078.9702 6.026353 0.114147345
58078.9764 6.02635214 0.114142012
58079.0176 6.02635442 0.114198687
58079.0238 6.02635317 0.114207995
58079.0301 6.02635162 0.114210759
58079.0364 6.02635024 0.114208092
58079.0426 6.02634939 0.114202759
58080.0347 6.02631729 0.115115712
58080.058 6.02631637 0.115136607
58080.0813 6.02631546 0.115158812
58080.1046 6.02631454 0.115179707
58080.1282 6.02631364 0.115201427
58080.3422 6.02631079 0.115423908
58080.3485 6.02630968 0.115431665
58080.3547 6.02630831 0.115433265
58080.361 6.0263071 0.115430065
58080.3673 6.02630643 0.115425265
58080.8508 6.02629779 0.115898589
58080.8825 6.02629692 0.115928744
58081.0862 6.0262938 0.116095375
58081.1002 6.02629344 0.116108465
58081.1858 6.02629141 0.116187974
58100.3134 6.02746246 0.135489231
58100.3197 6.02746263 0.135492334
58100.3259 6.02746254 0.135497279
58100.3322 6.02746249 0.135504648
58100.3385 6.02746271 0.135514441
58121.0062 6.03063772 0.16188593
58121.0125 6.03063851 0.161899553
58121.0188 6.03063906 0.161912401
58121.025 6.03063958 0.161922921
58121.0313 6.03064024 0.161930387
58121.1387 6.03066065 0.162064002
58121.1449 6.03066144 0.162077674
58121.1512 6.030662 0.162090473
58121.1575 6.03066251 0.162100945
58121.1637 6.03066317 0.162108266
