58041.375
58042.375
58043.375
58044.375
58045.375
58046.375
58047.375
58048.375
58049.375
58050.375
58051.375
58052.375
58053.375
58054.375
58055.375
58056.375
58057.375
58058.375
58058.8119
58059.8119
58060.8119
58061.8119
58062.8119
58063.8119
58064.8119
58065.8119
58066.8119
58067.8119
58068.8119
58069.8119
58070.8119
58071.8119
58072.8119
58073.8119
58074.8119
58075.8119
58076.8119
58077.8119
58078.8119
58079.8119
58080.8119
58081.8119
58082.8119
58083.8119
58084.8119
58085.8119
58086.8119
58087.8119
58089.2487
58090.2487
58091.2487
58092.2487
58093.2487
58094.2487
58095.2487
58096.2487
58097.2487
58098.2487
58099.2487
58100.2487
58101.2487
58102.2487
58103.2487
58104.2487
58105.2487
58106.2487
58107.2487
58108.2487
58109.2487
58110.2487
58111.2487
58112.2487
58113.2487
58114.2487
58115.2487
58116.2487
58117.2487
58118.2487
58119.2487
58119.6856
58120.6856
58121.6856
