2017 10 14 5244976.907480419 23903275.2324308 -1288743.499525867
2017 10 15 10070488.51761469 22030881.67069222 -748849.9604156613
2017 10 16 14905855.90216833 20157921.57098714 -206998.9162517451
2017 10 17 19752118.84632879 18286044.46433938 337106.3929269724
2017 10 18 24610212.45757991 16416821.75074311 883775.5152966306
2017 10 19 29480973.71847105 14551750.98680074 1433327.40704073
2017 10 20 34365148.15799622 12692259.75745357 1986087.467676181
2017 10 21 39263396.6701082 10839709.41086009 2542385.022653658
2017 10 22 44176302.30435476 8995398.793209612 3102551.267901294
2017 10 23 49104376.76711884 7160568.037015364 3666917.655550115
2017 10 24 54048066.40286775 5336402.366395473 4235814.663392164
2017 10 25 59007757.519389 3524035.805638731 4809570.863500383
2017 10 26 63983781.0359875 1724554.641226798 5388512.194012728
2017 10 27 68976416.54028393 -60999.50263907015 5972961.342745248
2017 10 28 73985895.9233745 -1831627.069408014 6563237.168569427
2017 10 29 79012406.82203804 -3586368.480010688 7159654.112998948
2017 10 30 84056096.13011731 -5324302.476891607 7762521.589673512
2017 10 31 89117073.83944657 -7044544.710717067 8372143.385814056
2017 11 01 94195417.40521854 -8746246.230241954 8988817.168908536
2017 11 02 99291176.65596798 -10428591.38914511 9612834.256784685
2017 11 03 104404378.9496418 -12090794.61819117 10244479.85366353
2017 11 04 109535033.8542507 -13732095.65658657 10884033.93036319
2017 11 05 114683136.2876436 -15351753.2976107 11531772.78531726
2017 11 06 119848667.0858003 -16949038.40895362 12187971.07177969
2017 11 07 125031590.5820567 -18523227.59396042 12852903.82546691
2017 11 08 130231849.7844347 -20073598.91937722 13526847.9458013
2017 11 09 135449360.5692707 -21599430.50029121 14210082.75959773
2017 11 10 140684006.463137 -23100001.765294 14902889.63063218
2017 11 11 145935635.059301 -24574596.50133695 15605550.86752158
2017 11 12 151204056.3450668 -26022506.60530135 16318348.29046836
2017 11 13 156489042.6452099 -27443035.73583472 17041561.75772648
2017 11 14 161790329.6732601 -28835502.46297377 17775467.82253645
2017 11 15 167107618.2370502 -30199242.82694963 18520338.57691704
2017 11 16 172440576.3041425 -31533612.37040608 19276440.67516495
2017 11 17 177788841.2767593 -32837987.73399487 20044034.51239894
2017 11 18 183152022.4052354 -34111767.87022702 20823373.54145933
2017 11 19 188529703.2856978 -35354374.89072604 21614703.7248689
2017 11 20 193921444.3692313 -36565254.54893568 22418263.12457968
2017 11 21 199326785.3890842 -37743876.37988098 23234281.62672009
2017 11 22 204745247.6136894 -38889733.55821279 24062980.78449764
2017 11 23 210176335.8651294 -40002342.57494354 24904573.74656998
2017 11 24 215619540.299484 -41081242.85386214 25759265.22738896
2017 11 25 221074338.013935 -42125996.42049813 26627251.47467407
2017 11 26 226540194.6117636 -43136187.69692045 27508720.1991533
2017 11 27 232016565.9086422 -44111423.42436098 28403850.45387608
2017 11 28 237502899.9883053 -45051332.61120431 29312812.48616578
2017 11 29 242998639.7885017 -45955566.26617956 30235767.63627724
2017 11 30 248503226.2778554 -46823796.52113637 31172868.42017332
2017 12 01 254016102.0219759 -47655714.63166867 32124258.99228965
2017 12 02 259536714.5233365 -48451027.38822472 33090076.19498982
2017 12 03 265064518.2729982 -49209451.83141831 34070451.30108696
2017 12 04 270598974.2822154 -49930708.89445513 35065512.30600001
2017 12 05 276139546.3379006 -50614517.43250908 36075386.29613902
2017 12 06 281685694.3888656 -51260590.45977211 37100201.21609265
2017 12 07 287236866.7325821 -51868634.831017 38140086.48459443
2017 12 08 292792493.1629644 -52438354.29543167 39195172.34570243
2017 12 09 298351980.6253546 -52969454.66115457 40265588.30643434
2017 12 10 303914711.7324005 -53461649.43318561 41351461.22320842
2017 12 11 309480045.5289388 -53914664.70595706 42452913.51188469
2017 12 12 315047319.5428494 -54328242.80194703 43570061.72488981
2017 12 13 320615852.3007162 -54702144.70493963 44703015.53053685
2017 12 14 326184945.8180676 -55036151.59582748 45851877.01566436
2017 12 15 331753887.8739696 -55330065.82601184 47016740.20373179
2017 12 16 337321954.0674659 -55583711.57665655 48197690.69950853
2017 12 17 342888409.7327843 -55796935.33959086 49394805.40664952
2017 12 18 348452511.7948658 -55969606.26398121 50608152.29701131
2017 12 19 354013510.61217 -56101616.35961795 51837790.23192415
2017 12 20 359570651.8097358 -56192880.53376606 53083768.84351616
2017 12 21 365123178.0745159 -56243336.45451419 54346128.48050927
2017 12 22 370670330.8802904 -56252944.26319508 55624900.21260145
2017 12 23 376211352.1335062 -56221686.18301278 56920105.87715168
2017 12 24 381745485.77645 -56149566.07404006 58231758.14778412
2017 12 25 387271979.4351593 -56036608.95530507 59559860.61165689
2017 12 26 392790086.2364938 -55882860.44813207 60904407.86349399
2017 12 27 398299066.9168978 -55688385.99335133 62265385.66100083
2017 12 28 403798192.2720409 -55453269.57229114 63642771.23523516
2017 12 29 409286745.8141089 -55177611.55704004 65036533.89934284
2017 12 30 414764026.1922812 -54861525.31347063 66446636.12098783
2017 12 31 420229348.5492325 -54505132.40794645 67873035.16841066
2018 01 01 425682043.7400383 -54108556.82207672 69315685.2585629
2018 01 02 431121454.5701207 -53671919.35414118 70774539.84267056
2018 01 03 436546929.1344056 -53195333.93741778 72249553.40383951
