58041.8144 145266838 72853798.4 19909718.8
58044.7489 145104656 72773081.9 19887837.5
58045.848 144970457 72706317.5 19869719.4
58045.848 144970457 72706317.5 19869719.4
58045.8749 144966618 72704407.3 19869200.9
58045.8749 144966618 72704407.3 19869200.9
58046.7721 144826449 72634678.3 19850276.1
58046.7721 144826449 72634678.3 19850276.1
58046.7834 144824549 72633732.9 19850019.5
58046.7834 144824549 72633732.9 19850019.5
58046.7947 144822635 72632780.7 19849761.1
58046.7947 144822635 72632780.7 19849761.1
58046.8061 144820709 72631822.7 19849501.1
58046.8061 144820709 72631822.7 19849501.1
58047.2357 144743548 72593439.8 19839083.4
58047.2382 144743071 72593202.2 19839018.9
58047.2385 144743023 72593178.2 19839012.4
58047.2392 144742880 72593107.4 19838993.2
58047.2399 144742753 72593044.2 19838976
58047.244 144741973 72592656.2 19838870.7
58047.3159 144728366 72585887.4 19837033.5
58047.3159 144728366 72585887.4 19837033.5
58047.3189 144727803 72585607.4 19836957.5
58047.3189 144727803 72585607.4 19836957.5
58047.5475 144683644 72563641.5 19830995.6
58047.5485 144683451 72563545.6 19830969.6
58047.5495 144683254 72563447.5 19830943
58047.5505 144683064 72563352.7 19830917.2
58048.5987 144458100 72451453.2 19800545.6
58048.6012 144457521 72451165.3 19800467.4
58048.6038 144456940 72450876 19800388.9
58048.7498 144422538 72433764.8 19795744.6
58048.753 144421764 72433380.1 19795640.2
58048.7563 144420988 72432994.1 19795535.4
58049.6721 144189397 72317805.8 19764271
58049.6762 144188292 72317256.2 19764121.8
58049.6801 144187227 72316726.8 19763978.1
58049.7464 144169347 72307833.8 19761564.4
58049.7476 144169032 72307677 19761521.8
58049.749 144168654 72307489.1 19761470.8
58049.8405 144143802 72295128.8 19758116
58049.8453 144142478 72294470 19757937.2
58049.8501 144141153 72293811.2 19757758.3
58050.5633 143936933 72192242.8 19730190.4
58050.5705 143934808 72191185.8 19729903.5
58050.5776 143932679 72190127.1 19729616.1
58050.7593 143877807 72162837.4 19722209
58050.7605 143877431 72162650.5 19722158.3
58050.7619 143877034 72162453.1 19722104.7
58051.6089 143606634 72027977.6 19685604.2
58051.6142 143604909 72027119.7 19685371.3
58051.6194 143603154 72026246.8 19685134.4
58051.6246 143601405 72025377.1 19684898.3
58052.4195 143325027 71887934.8 19647591.5
58052.4252 143322943 71886898.5 19647310.2
58052.4366 143318797 71884836.5 19646750.5
58052.4871 143300380 71875678.1 19644264.5
58052.4926 143298372 71874679.6 19643993.5
58052.5709 143269844 71860493.1 19640142.7
58052.5827 143265538 71858351.3 19639561.3
58052.5945 143261231 71856209.6 19638980
58052.6071 143256654 71853933.7 19638362.2
58052.6167 143253111 71852171.9 19637884
58052.6194 143252123 71851680.4 19637750.6
58052.6197 143252024 71851631.3 19637737.2
58052.6222 143251087 71851165.5 19637610.8
58052.6251 143250017 71850633.4 19637466.3
58053.2519 143012426 71732484.7 19605395.3
58053.2723 143004423 71728505.1 19604315
58053.2791 143001784 71727192.9 19603958.8
58053.354 142972448 71712604.7 19599998.8
58053.3557 142971781 71712273.3 19599908.9
58053.3574 142971114 71711941.8 19599818.9
58053.3873 142959380 71706106.6 19598234.9
58053.389 142958713 71705775.1 19598144.9
58053.3907 142958047 71705443.7 19598054.9
58053.4101 142950465 71701673.8 19597031.6
58053.4118 142949799 71701342.3 19596941.6
58053.4662 142928133 71690568.8 19594017.1
58053.4678 142927469 71690238.4 19593927.4
58053.4717 142925933 71689474.5 19593720.1
58053.4733 142925273 71689146.4 19593631
58053.5087 142911165 71682131.1 19591726.7
58053.5136 142909241 71681174.4 19591467
58053.5183 142907364 71680240.7 19591213.5
58053.56 142890714 71671961.3 19588966
58053.621 142866378 71659860.2 19585681.1
58053.6235 142865346 71659346.8 19585541.8
58053.6261 142864304 71658828.8 19585401.2
58053.6286 142863272 71658315.4 19585261.8
58053.662 142849761 71651597.2 19583438.1
58053.6656 142848297 71650869.1 19583240.5
58053.6692 142846833 71650141.1 19583042.8
58053.6707 142846209 71649830.7 19582958.6
58053.6744 142844702 71649081.6 19582755.2
58053.6754 142844327 71648895 19582704.6
58053.6841 142840784 71647133.2 19582226.3
58053.6847 142840554 71647018.8 19582195.3
58053.6878 142839268 71646379.4 19582021.7
58053.6916 142837766 71645632.7 19581819
58054.1959 142629401 71542021.6 19553692.8
58054.2081 142624302 71539486.1 19553004.5
58054.2203 142619157 71536928 19552310
58054.2679 142598865 71526837.8 19549570.9
58054.2708 142597637 71526227.2 19549405.2
58054.2717 142597228 71526023.7 19549349.9
58054.2746 142596000 71525413.2 19549184.2
58054.5054 142497029 71476200.4 19535824.6
58054.522 142489854 71472632.4 19534856
58054.5388 142482578 71469014.5 19533873.8
58054.5913 142459863 71457719.9 19530807.7
58054.6233 142445947 71450799.9 19528929.1
58054.6443 142436697 71446200.5 19527680.6
58054.6579 142430736 71443236.4 19526875.9
58054.6604 142429626 71442684.5 19526726.1
58054.6641 142427997 71441874.5 19526506.2
58054.6678 142426373 71441067.1 19526287
58054.6795 142421201 71438495.3 19525588.8
58054.7052 142409915 71432883.4 19524065.3
58054.7568 142387216 71421596.4 19521001.3
58055.1615 142205792 71331386 19496511.5
58055.2428 142168737 71312960.8 19491509.5
58055.2491 142165821 71311511 19491115.9
58055.25 142165405 71311304.2 19491059.7
58055.2518 142164568 71310888.1 19490946.8
58055.2606 142160533 71308881.7 19490402.1
58055.2624 142159696 71308465.5 19490289.1
58055.2643 142158849 71308044.1 19490174.7
58055.2821 142150650 71303967.6 19489068
58055.4206 142086778 71272208.4 19480446
58055.5653 142019144 71238578.7 19471316.2
58055.5765 142013911 71235977.1 19470609.9
58055.5831 142010827 71234443.6 19470193.6
58055.5942 142005655 71231871.6 19469495.3
58056.6636 141482831 70971914.6 19398919.4
58056.6723 141478364 70969693.2 19398316.3
58056.6783 141475322 70968181 19397905.7
58056.68 141474462 70967753.1 19397789.6
58056.6849 141471951 70966504.7 19397450.6
58056.687 141470890 70965977.2 19397307.4
58056.6917 141468503 70964790.3 19396985.2
58056.7034 141462515 70961812.8 19396176.8
58056.7101 141459131 70960130.6 19395720.1
58056.7123 141458011 70959573.8 19395568.9
58057.5442 141022319 70742945.8 19336753.3
58057.5496 141019440 70741514.2 19336364.7
58057.557 141015454 70739532.3 19335826.6
58057.5622 141012668 70738147.1 19335450.5
58057.6659 140956568 70710254.2 19327877.2
58057.6696 140954533 70709242.4 19327602.5
58066.9161 134388734 67445048.9 18441151.9
58066.9367 134370547 67436008.2 18438696.4
58066.9595 134350501 67426043 18435989.8
58067.9732 133433898 66970385.7 18312228.4
58067.9809 133426761 66966837.8 18311264.7
58067.9872 133420926 66963936.9 18310476.8
58068.9095 132551275 66531625.6 18193053.5
58068.9166 132544488 66528251.9 18192137.2
58068.9757 132487646 66499995.7 18184462.2
58068.9804 132483129 66497750.2 18183852.3
58068.9828 132480849 66496616.4 18183544.3
58068.9852 132478601 66495499.2 18183240.9
58069.9731 131506601 66012315.6 18051996.6
58069.9867 131492983 66005546 18050157.8
58070.0102 131469386 65993815.8 18046971.5
58073.1179 128146537 64342062.9 17598295.6
58073.1211 128142836 64340223 17597795.8
58073.1244 128139147 64338389.6 17597297.8
58073.1277 128135433 64336543.1 17596796.2
58074.0194 127106866 63825265.5 17457909.4
58074.0226 127103037 63823362.7 17457392.5
58074.0259 127099196 63821453 17456873.7
58074.0291 127095368 63819550.2 17456356.8
58074.9541 125991297 63270747.5 17307274.1
58074.9943 125942508 63246495.9 17300686
58078.8388 120934818 60757389.4 16624491.8
58078.8443 120927114 60753559.7 16623451.4
58078.85 120919166 60749609.6 16622378.3
58078.8558 120911122 60745611.3 16621292.1
58078.8728 120887394 60733817.2 16618088
58078.878 120880109 60730196.3 16617104.3
58078.8935 120858464 60719437.8 16614181.5
58078.9514 120777732 60679310.5 16603280.2
58078.9576 120768994 60674967 16602100.2
58078.9639 120760255 60670623.5 16600920.2
58078.9702 120751516 60666280 16599740.2
58078.9764 120742778 60661936.5 16598560.2
58079.0176 120685291 60633363.1 16590797.7
58079.0238 120676492 60628989.7 16589609.6
58079.0301 120667693 60624616.3 16588421.5
58079.0364 120658895 60620242.9 16587233.3
58079.0426 120650096 60615869.5 16586045.2
58080.0347 119235619 59912816.8 16395046
58080.058 119201745 59895979.7 16390471.8
58080.0813 119167870 59879142.7 16385897.6
58080.1046 119134062 59862339.1 16381332.6
58080.1282 119099649 59845234.5 16376685.7
58080.3422 118787252 59689961.6 16334502.1
58080.3485 118778086 59685405.8 16333264.4
58080.3547 118768920 59680850.1 16332026.7
58080.361 118759754 59676294.3 16330789.1
58080.3673 118750588 59671738.5 16329551.4
58080.8508 118035702 59316415.8 16233019.1
58080.8825 117988399 59292904.6 16226631.7
58081.0862 117683350 59141285.3 16185440.3
58081.1002 117662341 59130843.2 16182603.4
58081.1858 117533536 59066823.5 16165210.8
58100.3134 77064834 38956011.3 10701012
58100.3197 77046540.7 38946922 10698542.3
58100.3259 77028247.4 38937832.8 10696072.6
58100.3322 77009954.1 38928743.6 10693602.9
58100.3385 76991660.8 38919654.4 10691133.1
58121.0062 -498435848 -244416965 -66196201.9
58121.0125 -498961966 -244675729 -66266408.8
58121.0188 -499488083 -244934492 -66336615.5
58121.025 -500014198 -245193255 -66406822
58121.0313 -500540313 -245452017 -66477028.5
58121.1387 -509564013 -249890199 -67681180.5
58121.1449 -510090128 -250148962 -67751387
58121.1512 -510616243 -250407724 -67821593.5
58121.1575 -511142358 -250666487 -67891800
58121.1637 -511668473 -250925249 -67962006.5
