58041.8144 0.543784909 -0.0739884448
58044.7489 0.553838761 -0.0752149133
58045.848 0.557626356 -0.0757112842
58045.848 0.557626356 -0.0757112842
58045.8749 0.557720778 -0.0757195917
58045.8749 0.557720778 -0.0757195917
58046.7721 0.560831668 -0.0761062944
58046.7721 0.560831668 -0.0761062944
58046.7834 0.560870124 -0.0761098436
58046.7834 0.560870124 -0.0761098436
58046.7947 0.560909003 -0.076113387
58046.7947 0.560909003 -0.076113387
58046.8061 0.560948271 -0.0761169265
58046.8061 0.560948271 -0.0761169265
58047.2357 0.562470586 -0.0763051356
58047.2382 0.562464869 -0.0762911068
58047.2385 0.562465776 -0.0762911978
58047.2392 0.562468458 -0.076291467
58047.2399 0.562484099 -0.076307021
58047.244 0.56249735 -0.0763088531
58047.3159 0.562744345 -0.0763369644
58047.3159 0.562744345 -0.0763369644
58047.3189 0.56275388 -0.0763382496
58047.3189 0.56275388 -0.0763382496
58047.5475 0.563510143 -0.0764147125
58047.5485 0.563513552 -0.0764149674
58047.5495 0.563517044 -0.0764152282
58047.5505 0.563520416 -0.0764154798
58048.5987 0.567184647 -0.0768720447
58048.6012 0.567193255 -0.0768728322
58048.6038 0.567201909 -0.0768736209
58048.7498 0.567722409 -0.0768926467
58048.753 0.567734614 -0.0768937505
58048.7563 0.56774687 -0.0768948678
58049.6721 0.570931063 -0.0773187609
58049.6762 0.570945283 -0.0773200464
58049.6801 0.570958998 -0.0773212822
58049.7464 0.571183197 -0.0773276092
58049.7476 0.571187415 -0.0773279352
58049.749 0.571192471 -0.0773283264
58049.8405 0.571538713 -0.0773110322
58049.8453 0.571556471 -0.077312942
58049.8501 0.571574231 -0.077314871
58050.5633 0.57408127 -0.0776402125
58050.5705 0.574108224 -0.0776434255
58050.5776 0.574135194 -0.077646699
58050.7593 0.574723179 -0.0777489359
58050.7605 0.574727678 -0.0777492872
58050.7619 0.574732431 -0.077749659
58051.6089 0.577685124 -0.0781018901
58051.6142 0.577703943 -0.0781032367
58051.6194 0.577722745 -0.0781045868
58051.6246 0.577741504 -0.0781059402
58052.4195 0.580567624 -0.0783898323
58052.4252 0.580588973 -0.0783924168
58052.4366 0.580631401 -0.0783976533
58052.4871 0.580818658 -0.0784223418
58052.4926 0.580838927 -0.0784251648
58052.5709 0.581045557 -0.0785115712
58052.5827 0.581087275 -0.07851454
58052.5945 0.58112923 -0.0785175156
58052.6071 0.581188366 -0.0785462557
58052.6167 0.581209547 -0.0785200786
58052.6194 0.581219173 -0.0785207671
58052.6197 0.581231911 -0.0785501836
58052.6222 0.581229271 -0.0785214914
58052.6251 0.581239717 -0.0785222429
58053.2519 0.583463336 -0.0788201431
58053.2723 0.583529353 -0.0788284036
58053.2791 0.583551159 -0.0788310326
58053.354 0.583848605 -0.0788588894
58053.3557 0.583854395 -0.0788597496
58053.3574 0.583860184 -0.0788606089
58053.3873 0.583961727 -0.0788755825
58053.389 0.583967476 -0.0788764231
58053.3907 0.583973222 -0.0788772626
58053.4101 0.584038449 -0.0788867249
58053.4118 0.584044173 -0.0788875488
58053.4662 0.58417451 -0.0788905145
58053.4678 0.584180196 -0.0788909426
58053.4717 0.584193363 -0.078891928
58053.4733 0.584199025 -0.0788923493
58053.5087 0.5843943 -0.0788492958
58053.5136 0.584411921 -0.0788518525
58053.5183 0.584429075 -0.0788543614
58053.56 0.584579843 -0.0788771884
58053.621 0.584720787 -0.0789341881
58053.6235 0.584730045 -0.0789348511
58053.6261 0.584739398 -0.0789355231
58053.6286 0.584748676 -0.0789361921
58053.662 0.584870411 -0.078976263
58053.6656 0.584883092 -0.0789773038
58053.6692 0.584895789 -0.0789783446
58053.6707 0.584900497 -0.0789526123
58053.6744 0.584914155 -0.0789536543
58053.6754 0.584917562 -0.0789539153
58053.6841 0.584949764 -0.0789564061
58053.6847 0.584951857 -0.0789565695
58053.6878 0.584963569 -0.0789574873
58053.6916 0.584977262 -0.078958568
58054.1959 0.586775947 -0.0792004756
58054.2081 0.58681907 -0.0792058039
58054.2203 0.586862172 -0.0792111663
58054.2679 0.587042385 -0.0791716332
58054.2708 0.587053152 -0.0791730733
58054.2717 0.587056739 -0.0791735552
58054.2746 0.587067494 -0.0791750066
58054.5054 0.587811384 -0.0793298892
58054.522 0.587867902 -0.0793344337
58054.5388 0.587925606 -0.0793389333
58054.5913 0.588108651 -0.0793526121
58054.6233 0.588222416 -0.0793609544
58054.6443 0.588293469 -0.0793802627
58054.6579 0.588340679 -0.0793837935
58054.6604 0.588355319 -0.0793634918
58054.6641 0.588368885 -0.0793645053
58054.6678 0.588382427 -0.0793655237
58054.6795 0.588416805 -0.079389412
58054.7052 0.588507874 -0.0793960915
58054.7568 0.588693844 -0.0794099966
58055.1615 0.590102502 -0.0796031892
58055.2428 0.59043907 -0.0795726948
58055.2491 0.590462821 -0.0795757125
58055.25 0.590466206 -0.0795761463
58055.2518 0.590473015 -0.0795770223
58055.2606 0.590505811 -0.0795812967
58055.2624 0.590512603 -0.0795821931
58055.2643 0.590519478 -0.0795831044
58055.2821 0.59051894 -0.0796349839
58055.4206 0.591023741 -0.0796744057
58055.5653 0.591579015 -0.0797586984
58055.5765 0.591618138 -0.0797647232
58055.5831 0.591641125 -0.0797682811
58055.5942 0.591679556 -0.0797742545
58056.6636 0.595398098 -0.0802227469
58056.6723 0.595427612 -0.080227351
58056.6783 0.595399428 -0.0802323473
58056.68 0.595453323 -0.080231348
58056.6849 0.595422097 -0.0802345053
58056.687 0.595476808 -0.0802349856
58056.6917 0.595445323 -0.0802367007
58056.7034 0.595485765 -0.0802404888
58056.7101 0.595508672 -0.0802426168
58056.7123 0.595516264 -0.0802433195
58057.5442 0.598461424 -0.0805683292
58057.5496 0.5984802 -0.0805711824
58057.557 0.598439915 -0.0805870401
58057.5622 0.598524219 -0.0805779162
58057.6659 0.598818162 -0.0806169563
58057.6696 0.598831427 -0.0806179888
58066.9161 0.632061085 -0.0845036851
58066.9367 0.632125104 -0.0845096065
58066.9595 0.632196189 -0.0845158298
58067.9732 0.635487218 -0.084891598
58067.9809 0.635511488 -0.084893554
58067.9872 0.63553139 -0.0848951343
58068.9095 0.638546119 -0.0852016279
58068.9166 0.638570151 -0.0852046334
58068.9757 0.638769528 -0.0852312931
58068.9804 0.638785221 -0.085233516
58068.9828 0.638793135 -0.0852346435
58068.9852 0.638800927 -0.0852357577
58069.9731 0.641878356 -0.0856212218
58069.9867 0.641920112 -0.0856244577
58070.0102 0.641993053 -0.0856299081
58073.1179 0.651682566 -0.0867064389
58073.1211 0.651692392 -0.08670811
58073.1244 0.651702165 -0.0867097755
58073.1277 0.65171199 -0.0867114527
58074.0194 0.654383068 -0.0869970365
58074.0226 0.654393232 -0.0869985784
58074.0259 0.654403418 -0.0870001324
58074.0291 0.654413552 -0.0870016875
58074.9541 0.657080655 -0.0873442396
58074.9943 0.657195437 -0.0873524027
58078.8388 0.668098942 -0.0885316047
58078.8443 0.66811257 -0.0885333172
58078.85 0.668126628 -0.0885350526
58078.8558 0.668140862 -0.0885367772
58078.8728 0.668182888 -0.0885416771
58078.878 0.668195807 -0.0885431256
58078.8935 0.668234261 -0.0885472767
58078.9514 0.668391121 -0.0885647758
58078.9576 0.668408086 -0.0885666682
58078.9639 0.668425052 -0.0885685607
58078.9702 0.668442018 -0.0885704532
58078.9764 0.668458985 -0.0885723458
58079.0176 0.668570534 -0.0885847879
58079.0238 0.668587456 -0.0885866754
58079.0301 0.66860438 -0.0885885629
58079.0364 0.668621304 -0.0885904505
58079.0426 0.668638229 -0.0885923381
58080.0347 0.671347945 -0.0889022876
58080.058 0.6714115 -0.0889129372
58080.0813 0.671474136 -0.0889237635
58080.1046 0.671535708 -0.0889346591
58080.1282 0.671597302 -0.0889457407
58080.3422 0.67216009 -0.0890083587
58080.3485 0.672176504 -0.0890101846
58080.3547 0.67219292 -0.0890120106
58080.361 0.672209336 -0.0890138366
58080.3673 0.672225752 -0.0890156627
58080.8508 0.67343551 -0.0891262585
58080.8825 0.673509801 -0.089134659
58081.0862 0.674094576 -0.0892163941
58081.1002 0.674130598 -0.0892228441
58081.1858 0.674343563 -0.0892617007
58100.3134 0.708573292 -0.0930085735
58100.3197 0.708579488 -0.0930092417
58100.3259 0.708585675 -0.0930099088
58100.3322 0.708591862 -0.0930105759
58100.3385 0.708598049 -0.093011243
58121.0062 0.706491893 -0.0927825089
58121.0125 0.706484531 -0.0927817131
58121.0188 0.706477126 -0.0927809126
58121.025 0.706469703 -0.0927801101
58121.0313 0.706462279 -0.0927793077
58121.1387 0.475300705 -0.0654741388
58121.1449 0.475300705 -0.0654741388
58121.1512 0.475300705 -0.0654741388
58121.1575 0.475300705 -0.0654741388
58121.1637 0.475300705 -0.0654741388
