58041.8144 5656021.01 22957472.7 -1698352.01
58044.7489 8504962.12 16495167.2 -4486450.27
58045.848 9589600.28 14074030.8 -5525134.98
58045.848 9589600.28 14074030.8 -5525134.98
58045.8749 9616292.7 14014735.9 -5550528.62
58045.8749 9616292.7 14014735.9 -5550528.62
58046.7721 10508562 12038909.6 -6395718.66
58046.7721 10508562 12038909.6 -6395718.66
58046.7834 10519758.1 12014192.2 -6406280.13
58046.7834 10519758.1 12014192.2 -6406280.13
58046.7947 10531034.9 11989296.5 -6416917.82
58046.7947 10531034.9 11989296.5 -6416917.82
58046.8061 10542381.1 11964247.8 -6427620.84
58046.8061 10542381.1 11964247.8 -6427620.84
58047.2357 10971791.1 11018481.9 -6831381.52
58047.2382 10974317.8 11012929.2 -6833750.07
58047.2385 10974572.8 11012368.9 -6833989.1
58047.2392 10975326.1 11010713.3 -6834695.32
58047.2399 10975998.4 11009235.9 -6835325.49
58047.244 10980124.5 11000168.3 -6839193.4
58047.3159 11052111.6 10841967.9 -6906675.48
58047.3159 11052111.6 10841967.9 -6906675.48
58047.3189 11055090.3 10835421.8 -6909467.76
58047.3189 11055090.3 10835421.8 -6909467.76
58047.5475 11284177.6 10332418.7 -7123957.41
58047.5485 11285164.1 10330254.1 -7124880.25
58047.5495 11286173.8 10328038.5 -7125824.8
58047.5505 11287148.7 10325899.3 -7126736.77
58048.5987 12342094.5 8020647.47 -8107931.58
58048.6012 12344640.9 8015101.31 -8110289.21
58048.6038 12347199 8009529.71 -8112657.65
58048.7498 12494706.5 7688686.45 -8248972.27
58048.753 12498016.2 7681488.33 -8252030.36
58048.7563 12501337.6 7674264.77 -8255099.25
58049.6721 13429385.4 5663119.79 -9108288.52
58049.6762 13433549.5 5654127.9 -9112097.59
58049.6801 13437560.7 5645466.22 -9115766.78
58049.7464 13504939.4 5499970.3 -9177400.48
58049.7476 13506127.5 5497404.81 -9178487.24
58049.749 13507550.8 5494331.31 -9179789.21
58049.8405 13600566.6 5293555.04 -9264826.12
58049.8453 13605441.8 5283042.27 -9269276.85
58049.8501 13610317.1 5272529.49 -9273727.58
58050.5633 14337124.8 3708433.88 -9935338.36
58050.5705 14344437.2 3692730.77 -9941974.75
58050.5776 14351761.3 3677002.3 -9948621.87
58050.7593 14537329.4 3278928.42 -10116774.8
58050.7605 14538594.7 3276214.93 -10117920.9
58050.7619 14539931 3273349.28 -10119131.3
58051.6089 15407338.2 1418882.12 -10901309.2
58051.6142 15412691.6 1407461.87 -10906121.3
58051.6194 15418037.7 1396071.33 -10910918
58051.6246 15423360.3 1384731.57 -10915693.3
58052.4195 16240380.1 -352564.061 -11646606.2
58052.4252 16246268.7 -365047.039 -11651850.2
58052.4366 16257986.4 -389886.647 -11662285.1
58052.4871 16310030.4 -500211.912 -11708631.8
58052.4926 16315704.5 -512240.044 -11713684.7
58052.5709 16396321.5 -683135.544 -11785476.4
58052.5827 16408492.2 -708935.383 -11796314.7
58052.5945 16420662.8 -734735.221 -11807153
58052.6071 16433596.3 -762152.287 -11818670.6
58052.6167 16443563.6 -783274.986 -11827542.7
58052.6194 16446307.4 -789084.286 -11829981.7
58052.6197 16446581.8 -789665.215 -11830225.6
58052.6222 16449182.4 -795171.42 -11832537.3
58052.6251 16452152.9 -801460.617 -11835177.7
58053.2519 17098787.2 -2168681.69 -12408785.9
58053.2723 17119888.6 -2213199.34 -12427441.7
58053.2791 17126846.7 -2227878.82 -12433593.4
58053.354 17204198.4 -2391068.18 -12501980.2
58053.3557 17205955.8 -2394775.88 -12503534
58053.3574 17207713.3 -2398483.58 -12505087.8
58053.3873 17238653.9 -2463759.33 -12532442.5
58053.389 17240411.4 -2467467.03 -12533996.3
58053.3907 17242168.8 -2471174.73 -12535550
58053.4101 17262158.3 -2513346.69 -12553222.8
58053.4118 17263915.8 -2517054.4 -12554776.6
58053.4662 17320142.7 -2635544.79 -12604402.4
58053.4678 17321865.4 -2639175.05 -12605922.8
58053.4717 17325849.3 -2647570.02 -12609438.6
58053.4733 17327560.1 -2651175.07 -12610948.5
58053.5087 17364144.6 -2728267.67 -12643235.2
58053.5136 17369133.4 -2738780.3 -12647638
58053.5183 17374002.6 -2749040.82 -12651935.1
58053.56 17417179 -2840024.21 -12690039.4
58053.621 17480171.6 -2972748.38 -12745621.2
58053.6235 17482805.3 -2978291.84 -12747941.4
58053.6261 17485463 -2983885.7 -12750282.7
58053.6286 17488096.7 -2989429.17 -12752602.9
58053.662 17522562.2 -3061972.97 -12782965.7
58053.6656 17526297.3 -3069834.61 -12786256.1
58053.6692 17530032.4 -3077696.25 -12789546.6
58053.6707 17531624.6 -3081047.53 -12790949.2
58053.6744 17535467.4 -3089135.95 -12794334.6
58053.6754 17536425.1 -3091151.76 -12795178.3
58053.6841 17545463.5 -3110175.92 -12803140.8
58053.6847 17546050.1 -3111410.6 -12803657.6
58053.6878 17549330.2 -3118314.74 -12806547.2
58053.6916 17553161.1 -3126377.96 -12809922.1
58054.1959 18075207.3 -4223814.37 -13268930.2
58054.2081 18087804.6 -4250269.98 -13279989.3
58054.2203 18100417.4 -4276744.04 -13291052.7
58054.2679 18149767.9 -4380271.95 -13334303
58054.2708 18152754.1 -4386536.46 -13336920.1
58054.2717 18153749.5 -4388624.63 -13337792.4
58054.2746 18156735.7 -4394889.14 -13340409.5
58054.5054 18395960.8 -4896522.27 -13549921.7
58054.522 18413144 -4932530.16 -13564955
58054.5388 18430567.2 -4969040.96 -13580198.3
58054.5913 18484960.7 -5083024.04 -13627786.3
58054.6233 18518144 -5152539.86 -13656804.1
58054.6443 18539958.4 -5198203.72 -13675856.7
58054.6579 18554017.2 -5227632.66 -13688135.6
58054.6604 18556634.4 -5233111.32 -13690421.5
58054.6641 18560476.3 -5241153.39 -13693776.9
58054.6678 18564306.1 -5249170.32 -13697121.9
58054.6795 18576503.9 -5274703.88 -13707775.4
58054.7052 18603120.7 -5330420.33 -13731022.4
58054.7568 18656654.3 -5442481.51 -13777778.4
58055.1615 19076720.6 -6320682.91 -14143913.5
58055.2428 19161095.1 -6496874.14 -14217317.6
58055.2491 19167671.5 -6510597.92 -14223032.8
58055.25 19168609.2 -6512554.87 -14223847.7
58055.2518 19170496.8 -6516493.87 -14225488.1
58055.2606 19179597.9 -6535486.37 -14233397.4
58055.2624 19181485.4 -6539425.37 -14235037.8
58055.2643 19183397 -6543414.55 -14236699.1
58055.2821 19201887.8 -6582001.69 -14252768.5
58055.4206 19345849.1 -6882411.45 -14377868.6
58055.5653 19496194.6 -7195843.57 -14508311.7
58055.5765 19507825.4 -7220090.68 -14518402.8
58055.5831 19514681.1 -7234383.18 -14524351
58055.5942 19526179.6 -7258354.47 -14534327.3
58056.6636 20638663.3 -9570801.27 -15494799.6
58056.6723 20647797.9 -9589738.19 -15502650.1
58056.6783 20654016.2 -9602629.28 -15507994.2
58056.68 20655775.6 -9606276.76 -15509506.2
58056.6849 20660909.3 -9616919.4 -15513918.2
58056.687 20663078.4 -9621416.3 -15515782.5
58056.6917 20667959.1 -9631534.3 -15519977
58056.7034 20680202.8 -9656916.76 -15530499.4
58056.7101 20687120 -9671256.85 -15536444.2
58056.7123 20689409.7 -9676003.57 -15538412
58057.5442 21555945.7 -11469284.3 -16280817.6
58057.5496 21561529.3 -11480821.1 -16285587.6
58057.557 21569259.5 -11496793.3 -16292191.4
58057.5622 21574662.3 -11507956.3 -16296806.9
58057.6659 21682759.1 -11731217.1 -16389085.7
58057.6696 21686654.9 -11739260 -16392408.9
58066.9161 32324285.8 -32201952.4 -24735061.1
58066.9367 32345504.5 -32244241.5 -24751928.6
58066.9595 32368892.7 -32290854.5 -24770520.6
58067.9732 33408486 -34365703.4 -25596136.4
58067.9809 33416397.9 -34381514.1 -25602415.5
58067.9872 33422866.8 -34394441.5 -25607549.4
58068.9095 34360791.7 -36272272 -26351541.8
58068.9166 34367940.7 -36286610.4 -26357210.8
58068.9757 34427816.4 -36406700.6 -26404691.6
58068.9804 34432574.6 -36416243.9 -26408464.8
58068.9828 34434977.2 -36421062.5 -26410369.9
58068.9852 34437344.5 -36425810.7 -26412247.2
58069.9731 35431988.4 -38425845.1 -27200979.4
58069.9867 35445618.3 -38453310.6 -27211789
58070.0102 35469235.9 -38500901.8 -27230519.4
58073.1179 38520979.9 -44717400 -29657868.2
58073.1211 38524116 -44723869.1 -29660374.7
58073.1244 38527240.9 -44730315.4 -29662872.4
58073.1277 38530388.1 -44736807.5 -29665387.8
58074.0194 39380878.8 -46499277.3 -30346654.7
58074.0226 39383952.5 -46505684.3 -30349124.2
58074.0259 39387037.1 -46512114.1 -30351602.4
58074.0291 39390110.8 -46518521.1 -30354071.9
58074.9541 40258321.9 -48336426.2 -31053316.6
58074.9943 40295815.5 -48415336.5 -31083599.7
58078.8388 43724405.2 -55857966.7 -33907369
58078.8443 43729085.3 -55868521.3 -33911325.1
58078.85 43733912.6 -55879407.8 -33915405.7
58078.8558 43738798.8 -55890427 -33919536
58078.8728 43753211.9 -55922931.5 -33931719.7
58078.878 43757636.9 -55932910.8 -33935460.2
58078.8935 43770784.4 -55962560.9 -33946574
58078.9514 43819822.6 -56073151.4 -33988026.6
58078.9576 43825130.6 -56085122.1 -33992513.6
58078.9639 43830438.7 -56097092.8 -33997000.5
58078.9702 43835746.7 -56109063.5 -34001487.5
58078.9764 43841054.8 -56121034.2 -34005974.5
58079.0176 43875938.6 -56199732.1 -34035469.8
58079.0238 43881215.9 -56211687.8 -34039945.5
58079.0301 43886493.2 -56223643.6 -34044421.2
58079.0364 43891770.5 -56235599.3 -34048896.9
58079.0426 43897047.7 -56247555.1 -34053372.6
58080.0347 44722539.5 -58136831.8 -34758705.1
58080.058 44741577.5 -58181042 -34775148.2
58080.0813 44760615.5 -58225252.2 -34791591.3
58080.1046 44779615.7 -58269374.6 -34808001.8
58080.1282 44798956.4 -58314287.6 -34824706.3
58080.3422 44973130.5 -58720050.6 -34975502.2
58080.3485 44978213.5 -58731917.6 -34979910.1
58080.3547 44983296.4 -58743784.6 -34984317.9
58080.361 44988379.3 -58755651.6 -34988725.8
58080.3673 44993462.2 -58767518.6 -34993133.6
58080.8508 45382100.6 -59682278 -35332239.6
58080.8825 45407282.2 -59742072.1 -35354359.5
58081.0862 45568878.8 -60126591.2 -35496537.9
58081.1002 45579908.3 -60152937.6 -35506271
58081.1858 45647529.5 -60314464.6 -35565943.8
58100.3134 51096395.9 -94950382.3 -47327151.4
58100.3197 51094240 -94962004.4 -47330718.9
58100.3259 51092084.1 -94973626.5 -47334286.5
58100.3322 51089928.1 -94985248.6 -47337854
58100.3385 51087772.2 -94996870.7 -47341421.6
58121.0062 -469122701 -377470526 -123855872
58121.0125 -469632767 -377726292 -123924778
58121.0188 -470142839 -377982019 -123993669
58121.025 -470652913 -378237732 -124062553
58121.0313 -471162987 -378493444 -124131437
58121.1387 -479911562 -382879312 -125312903
58121.1449 -480421637 -383135024 -125381787
58121.1512 -480931711 -383390736 -125450671
58121.1575 -481441785 -383646449 -125519555
58121.1637 -481951859 -383902161 -125588439
